model: 10-10-10
### size: 784, 10 ###
0.0741299	0.0321383	0.0805571	-0.0451072	-0.022388	0.0386517	0.08001	-0.0295996	-0.058569	-0.018693
-0.0289179	-0.0215236	0.0337779	0.0644572	0.00549744	-0.0407204	0.0276875	0.00994673	0.00685802	0.0634091
0.0552391	-0.0312649	0.0211372	0.0290409	0.0757957	0.0634277	0.0712792	0.0229181	0.0184761	-0.0438821
-0.00225036	0.0495046	0.055471	0.00558818	0.0415397	-5.2068e-05	0.0564487	0.0192903	0.0582678	-0.0432295
-0.0157618	0.020045	-0.0575192	-0.060785	-0.0134031	0.00916838	0.0711209	-0.0146222	0.038153	0.0798429
0.067143	-0.0802558	0.0759457	0.0627061	0.0321347	-0.0648414	0.011832	0.0515719	0.00981069	-0.0240482
0.00700853	0.0611655	-0.0621897	-0.0754859	0.072977	-0.0340303	-0.00935296	-0.0388323	0.0156157	0.0250236
-0.0361407	0.0576791	0.0626529	-0.0346386	0.0257116	0.0760766	0.0478379	-0.0516528	0.0458718	0.0757459
-0.0221063	-0.066429	-0.025165	0.0114585	-0.0538989	0.0212086	-0.0700222	0.0665499	-0.0663025	-0.0484414
-0.00451912	-0.00950755	0.0427881	-0.0785058	0.0291103	-0.0361561	0.0167566	0.00740964	-0.0467632	-0.0586381
0.043373	-0.00409558	0.00307978	0.0715572	0.0231273	-0.00995014	-0.0058351	-0.0404753	-0.0391914	-0.0768786
0.0696944	-0.0173641	0.0238948	-0.0230847	-0.0627901	-0.00829169	-0.00500843	-0.0711893	0.0510148	-0.0339355
0.0241826	-0.055642	0.00610856	0.0293586	0.0342153	0.0372692	0.0113289	-0.0192592	0.0441313	-0.0722889
0.066101	-0.00970792	0.0255113	0.0516437	-0.0516575	0.00439322	0.00489369	0.0677162	0.056681	0.0261277
0.0305633	-0.0343415	0.0649785	-0.0718329	-0.0123663	0.0462732	0.0689246	-0.0552032	0.00923383	-0.00753058
0.0401272	0.0546686	-0.0732346	0.000901679	0.0143268	-0.0706177	-0.0765642	0.014924	0.0385693	-0.0789777
0.0777179	-0.0731916	0.0107638	-0.0645239	-0.0241169	-0.0170002	-0.0181639	-0.0156829	0.0692833	0.0712339
-0.0515269	0.0371447	0.0290315	0.0618605	0.0130321	0.0320236	-0.0400844	0.0504216	0.0101373	-0.0305722
-0.0202028	0.0518607	0.0653181	0.0673893	-0.0435985	-0.0564474	0.0426487	-0.0274022	0.0679611	-0.0161483
-0.0518881	-0.0647568	-0.0606431	0.0207295	-0.00392341	0.0325939	-0.0640764	-0.0656398	0.036262	-0.0207622
-0.0344183	0.0611396	-0.0749812	-0.0776388	-0.0293756	-0.0201241	0.0800859	0.050763	0.0228018	-0.055817
0.0375471	-0.0342533	-0.0210888	-0.0778727	0.0568829	-0.0306966	0.0101403	-0.0659272	0.0471481	-0.0758559
-0.0715699	0.0355039	-0.0755306	-0.0028035	0.0340754	-0.00314162	0.0485066	0.00787818	0.0165867	0.0417849
-0.0786934	0.0690986	0.0190987	0.048493	-0.0786314	0.0102118	-0.0474108	-0.0369464	-0.0191596	0.080443
0.0789613	0.0425167	-0.0689943	0.0763932	0.078232	-0.0418691	0.000163845	0.0315356	-0.0378312	0.0749869
0.0642099	0.00410688	0.00121184	-0.00988646	-0.0789311	0.0567469	0.0292027	0.0733594	-0.0408594	-0.0582273
0.0285857	0.0218359	0.0182957	0.0684288	-0.0709295	0.0357326	0.0763459	-0.0701202	0.0151425	-0.0550607
0.0797133	0.0581969	-0.0217514	0.079778	-0.0284312	-0.0128497	-0.0727953	-0.0213719	-0.0537801	-0.0547788
-0.019946	-0.0441102	-0.0334329	-0.0131142	0.0492833	-0.0787834	-0.0564588	0.0770795	-0.0739769	-0.0805434
0.0593629	-0.0633818	0.0620504	0.0246012	-0.0530769	-0.0779531	-0.0573289	-0.0530771	0.0633177	-0.0483387
-0.00529183	-0.0556066	-0.049772	-0.0236702	-0.0599373	-0.0156738	0.056535	-0.0356671	-0.0121012	0.0358368
0.0251871	-0.0291199	-0.0654622	-0.0752278	0.0147144	-0.0566628	-0.036856	0.077747	0.0529447	0.0787973
0.0794459	0.0101349	-0.0481707	-0.0118788	-0.025992	0.0659988	-0.0147354	-0.0794074	0.00767122	-0.0615936
0.0322779	-0.0794806	0.0190508	-0.00683138	-0.053036	0.028859	-0.0684666	-0.0180158	-0.0361328	-0.0371111
0.0704118	0.0449462	0.0481963	-0.0623799	-0.0761652	-0.0163672	0.0568485	0.0188852	0.0469575	-0.0183488
-0.0219315	0.0314478	-0.0644686	0.0299872	0.078288	-0.0752052	0.0327247	0.0125627	-0.027988	0.0432122
0.0178272	0.0755716	0.0197964	0.0317444	0.0368432	-0.0816135	-0.070568	-0.00130093	-0.0375557	-0.0386717
-0.0328574	-0.0267681	0.0445732	-0.0758658	0.0342349	0.0632324	-0.0335937	0.0342697	-0.0131154	0.07698
-0.0446329	-0.0514517	0.00392268	0.0445187	-0.00679261	-0.00418198	0.0071524	-0.00718169	0.0637953	-0.0326339
-0.0361419	-0.0204928	0.0625104	0.0771814	0.0270008	0.0606796	0.00807342	-0.000640231	0.0103012	-0.0720458
0.0473166	-0.0730209	0.0414448	0.0332445	0.0475945	-0.0572241	-0.0711736	0.00768744	0.00331863	0.0632238
-0.0502783	-0.0568442	-0.0158563	0.0193782	0.0675511	-0.0717912	-0.0801622	0.0206836	-0.00290789	-0.0438578
-0.0101733	-0.0807407	0.0181546	-0.0575176	-0.0400722	-0.0104965	0.054517	-0.0598498	0.0719921	0.0637642
0.0759055	-0.0280766	0.0401932	-0.0291714	0.0087013	0.000657329	-0.0495565	-0.0718559	-0.0551909	-0.00200799
0.0192936	-0.0302384	-0.0412652	-0.0473981	0.0947771	-0.0573437	-0.0488786	0.0438738	-0.0122812	-0.0443221
-0.00154114	0.0566265	-0.00882697	0.0738768	0.0803712	0.0206787	-0.0264613	-0.0266268	0.0547233	0.0526769
-0.0792705	-0.0223385	0.0180645	0.0256856	0.0566001	-0.00727312	-0.0100667	-0.0183543	-0.0125739	-0.00498623
-0.0578189	0.00218258	0.0765324	-0.00816277	-0.0792804	-0.0518936	-0.0313218	-0.0530906	-0.0340011	0.0225674
-0.00249276	0.054032	0.00251003	-0.0347344	-0.0326146	0.0305388	-0.0430276	0.0441996	0.0701839	-0.0766899
-0.0761853	-0.078784	0.0722056	-0.0705773	0.00391165	-0.0644009	-0.0344178	0.0356939	0.0137743	-0.0358133
0.0291686	0.063668	-0.00595087	0.0693425	-0.0329401	-0.0705698	-0.014582	0.0433228	0.0775758	0.0221291
0.0778194	-0.0473029	-0.0266162	0.0382831	-0.0601306	-0.0366576	-0.00904108	0.0435454	-0.0485477	0.0711597
0.0507682	-0.0222682	0.0599472	-0.046634	0.0169523	0.0218316	0.0671853	-0.056493	-0.0125637	0.0315424
-0.028029	-0.0756103	0.0261326	-0.0694249	-0.0455718	0.0141839	-0.0646151	0.0577631	0.0439817	-0.00319118
-0.0699865	0.0130695	-0.0470049	-0.0132826	0.0707026	-0.0450822	-0.0771508	-0.079592	0.0280197	0.0408638
0.012616	-0.0299823	0.0748011	0.0641655	0.0381609	0.0273369	0.0152132	-0.0187916	0.0032487	0.0546153
-0.0622342	-0.0201063	0.0106344	-0.0227497	-0.00048273	-0.0110058	0.00361706	0.0710579	-0.00900109	0.068483
-0.0376936	-0.0475338	-0.0136215	-0.0536514	0.037249	-0.033336	-0.0248667	0.0789294	-0.0069451	-0.0542543
0.0426687	0.0633808	-0.0282496	0.0184261	-0.0287545	-0.0335428	-0.0058154	0.0646546	0.0602418	-0.0269988
-0.0400189	0.0101978	0.0763318	-0.020358	0.0133883	0.0378677	0.0472597	0.0600925	-0.0269793	-0.0178154
0.0310716	-0.0223805	-0.0694905	-0.038536	-0.00155501	-0.0119857	-0.049267	-0.0179382	0.0373467	0.0741047
0.036497	-0.0469271	-0.0456979	-0.00968465	-0.029943	-0.0688774	0.00914128	-0.0717754	0.0253166	-0.0802759
0.0208451	0.0482131	-0.00189385	-0.0159142	0.0517053	-0.0532827	0.0141714	0.057953	-0.063605	0.0465106
0.0536571	-0.0264384	0.0050895	0.0252632	0.0219939	-0.0835152	0.0678697	0.0114603	0.0938088	0.0437065
-0.00638821	0.0674807	0.0802226	-0.0281304	0.0637315	-0.0028932	-0.0290875	-0.0275556	0.0264208	0.00156809
-0.0134062	-0.0252684	0.0280804	0.018419	0.0479061	-0.0967099	-0.0459983	0.079116	0.101108	-0.013873
0.0759159	0.0901742	0.0819497	0.0102172	0.0643668	-0.0488904	-0.0339934	0.0527992	0.112801	0.00615736
-0.073179	-0.0478276	0.10496	0.00501326	0.11607	-0.0683275	-0.0257267	-0.0588778	0.0212668	0.0574721
0.0571427	0.0245242	0.127115	-0.0530342	0.0610445	-0.0766829	0.0279431	0.0479913	-0.00658195	-0.00388018
0.0561998	0.0300344	0.1029	-0.113513	0.0125811	-0.0238672	0.0105542	-0.00639677	0.0788085	-0.0449438
0.0802961	0.0102614	0.110117	0.000519696	0.0565705	-0.0585598	0.053365	0.067752	0.10151	0.0293882
-0.0503864	-0.0733718	0.125166	-0.0798136	0.00115063	-0.0306318	0.01335	0.0650722	0.0664216	-0.0199783
0.0667632	-0.0137631	0.130009	-0.0616954	0.111134	-0.0576442	0.00755838	0.0709907	-0.00247726	0.0778442
0.00554276	0.000716946	0.125601	0.0825108	0.0330511	-0.0622028	0.0558752	-0.0776495	0.0443512	0.061075
0.00345513	-0.0928688	0.0850437	0.03484	0.0595655	-0.0566437	0.00028662	-0.0373447	0.136322	-0.0378958
-0.0582773	0.0112762	0.150875	0.0281773	-0.0516696	-0.0575235	0.00629421	-0.0528701	0.00632339	-0.029265
-0.0324676	-0.0282129	0.14611	0.0477104	0.00684687	0.015614	-0.0530945	0.0687846	0.0100401	0.0251839
-0.0272406	0.0675419	0.0974408	-0.0131769	-0.00770705	-0.0333875	-0.0489914	0.0541747	0.0279941	-0.0246703
0.00852474	0.00115356	0.084856	0.0382565	-0.0342367	-0.0663768	-0.0279673	0.0747901	-0.0254221	-0.0348517
0.029967	-0.0311674	0.056414	0.035473	0.0618397	0.0684188	0.0274844	0.0239642	0.0604519	-0.0315332
0.0782275	-0.0662552	0.00766854	-0.0870031	0.0287025	0.0438637	0.0618051	-0.0037218	0.0613194	0.065711
0.0622731	-0.0452231	-0.0406776	0.0156016	-0.0263667	-0.00277604	-0.00907502	-0.0431558	0.0362904	-0.0304804
-0.0258784	0.049289	0.0452698	-0.000913008	-0.0019302	0.0473938	0.0246001	0.0648172	0.0093032	0.0123287
-0.0795401	0.0560905	0.0765311	0.00561754	-0.080166	0.0223181	0.0644367	0.0473384	-0.0428298	-0.0291054
0.0601042	-0.0403662	-0.0221487	-0.0332215	-0.0480973	-0.0113251	0.0259865	0.0456553	-0.0634977	0.0698819
-0.0437184	0.0411325	-0.0287872	-0.0453677	-0.0703498	0.042153	-0.0607732	0.0267277	-0.0777237	0.0400847
0.0188038	0.0658724	-0.0113017	0.0663728	0.0427867	0.0386555	-0.0272523	0.0321853	-0.0400466	0.0732498
0.063281	-0.0597142	-0.0186758	-0.0331378	-0.0704991	0.0772715	-0.0123435	0.0527697	0.0144635	0.0556294
0.0390238	0.0285217	-0.06763	0.0636045	-0.0213568	-0.0680881	-0.0494264	0.0668475	0.0438514	0.0478398
-0.00338955	0.0702308	0.019862	-0.0378187	0.0237788	-0.036947	0.061295	0.00517115	-0.0644326	-0.0553427
0.0328926	0.04018	-0.0502134	-0.0486193	0.0335679	0.034991	-0.0385256	-0.0295242	0.0605637	0.0610286
0.0744146	0.010699	0.0872496	-0.0368316	-0.0272316	-0.0963783	0.0570038	0.0418483	0.12579	0.0779504
-0.0378076	0.0306993	0.0767859	0.0282874	0.00699984	-0.0252393	-0.0855563	-0.0259998	-0.0085549	-0.0608929
-0.0779503	0.0380026	0.175989	0.0604969	0.0846855	-0.139955	-0.00355122	-0.0718371	0.0602197	0.00418747
0.0176619	0.0407674	0.199242	-0.011751	0.0556048	-0.146547	-0.0243874	0.0403837	0.0406046	-0.0734232
0.0460461	0.0954969	0.134683	0.00538667	0.204563	-0.0563202	-0.0721255	-0.0148398	0.168083	-0.0703114
0.0498547	0.0576579	0.173986	-0.0651491	0.183335	-0.191828	-0.0282323	0.0317174	0.0583392	0.021377
0.144479	0.104482	0.198368	-0.103423	0.242537	-0.250636	-0.0858288	0.106222	0.0361225	-0.0142307
0.118732	-0.0584586	0.174996	0.00765163	0.184977	-0.198243	-0.0356342	-0.0552329	0.0203144	0.0529447
0.0402175	-0.0239778	0.140268	0.0146571	0.02452	-0.194896	-0.0832182	-0.0476759	0.0196968	-0.0389408
0.0325706	-0.046699	0.194267	-0.023482	0.153967	-0.194657	0.0251901	0.0324007	0.00211287	0.0153542
-0.0241975	-0.0545315	0.198088	0.0486524	0.0261457	-0.130674	-0.0113032	-0.0501987	0.00181231	0.00368277
0.036333	-0.0642036	0.150847	-0.00598817	0.0227029	-0.0654406	-0.0255812	-0.127641	0.0840605	0.0391835
-0.0224886	-0.105047	0.212927	0.0386913	-0.0360883	-0.0847367	-0.0241814	-0.120163	0.0493393	0.0170312
0.0776391	-0.0436041	0.130023	0.0605624	-0.0757647	-0.115857	0.0504288	0.0146719	0.0523842	-0.0177615
0.0633904	-0.0648463	0.107243	0.0689482	0.00676378	0.00972445	0.00202833	-0.045109	0.126755	0.0156213
0.0155883	1.12913e-05	0.137301	0.0734264	-0.0166099	0.023885	-0.00937425	0.000780332	0.027689	0.00226507
0.0678921	-0.00697479	-0.0594453	0.00407627	-0.108032	0.0416002	-0.0583187	-0.0382917	0.132101	-0.0908519
-0.0662208	0.0243646	0.0129215	0.0164735	-0.0544013	0.0558764	0.00241814	-0.0156729	0.118993	-0.0142488
0.0602615	-0.0215947	-0.0123209	0.0030413	0.00156512	-0.0210663	0.0395199	-0.0483158	-0.0310946	0.0759476
0.0233329	0.00247443	-0.0513367	0.00394889	-0.0477322	0.050277	0.0728877	0.0702983	-0.0309893	-0.0744883
-0.0635562	-0.00641417	0.0182983	0.0447467	-0.0236486	-0.0150115	-0.0570451	0.048121	0.0726404	0.0783489
-0.0791765	-0.00275113	0.0224241	-0.0428619	-0.0563518	-0.0538523	0.0354549	0.0408395	0.0282546	-0.0304807
-0.042341	-0.0791381	-0.00716611	0.0193729	0.0244049	0.00851662	-0.00927222	-0.0268629	-0.0599567	0.0686754
0.0550792	-0.0575397	0.055826	-0.0254376	0.052221	-0.0213006	0.00282091	-0.0256658	0.0558648	0.00439177
-0.047911	-0.0665486	0.0496091	-0.0247334	0.0484174	0.0427783	0.0324439	-0.0142386	5.41745e-05	0.000592656
-0.0157609	-0.0204027	0.0451639	0.0224897	0.0292907	0.0603292	-0.0638847	-0.0123791	0.0300571	0.0307629
-0.0465299	0.00507923	0.0550364	-0.0463986	0.0488148	0.0586551	-0.0640022	0.0180232	-0.0180073	0.0808491
0.0482317	0.00684695	0.0534685	-0.0012705	0.0862066	-0.0791077	-0.0157224	0.0901019	0.0988802	0.050297
0.0515919	0.0400105	0.0456273	-0.0378812	0.111592	0.00181209	0.0165771	0.0114344	0.0727274	0.0112629
0.0792837	-0.0250607	0.076543	-0.0493327	0.177361	-0.0420749	0.036669	0.0604486	0.0285941	-0.0124464
0.106315	0.0700831	0.0631501	0.0328713	0.15458	-0.0795768	0.00744462	0.0149913	0.0773225	-0.0218497
0.0959326	0.0869879	0.0568938	-0.019162	0.186441	-0.0955592	-0.0302361	0.0485248	0.123501	-0.03735
0.0554719	0.116013	0.120973	0.0387054	0.239634	0.0933844	0.00156329	0.0775911	0.113561	0.016802
0.0734731	0.119382	0.0796144	0.0469148	0.259041	0.000271634	-0.0293755	0.0442565	0.0731427	0.0732214
0.0681577	0.0694765	0.104282	0.0632867	0.184529	-0.0690465	-0.0476405	0.0432831	0.0176478	0.0428103
0.104623	0.0341924	0.0695191	0.0840474	0.0845168	-0.0517225	-0.0187138	0.0335352	0.0455801	0.0610988
0.0242099	0.0797256	0.0829352	0.0835118	0.101246	-0.0688268	-0.0144375	0.00706199	-0.0474796	0.0537465
0.0163021	-0.0219485	0.110441	0.0748309	0.172484	0.0556864	0.00869985	-0.00476774	-0.128452	0.0824418
-0.00987608	-0.00593747	0.149067	0.0609467	0.107978	0.0445711	-0.0726065	0.0172842	-0.100964	-0.0312013
0.0356789	0.0285209	0.103919	0.0851297	0.234634	0.00835065	0.00751336	-0.110757	-0.134012	0.0909216
-0.0614135	-0.0704236	0.020167	0.00302053	0.0434816	-0.000252018	-0.0841692	-0.0569423	-0.0294941	0.0190963
0.0229261	-0.0334865	-0.0233298	-0.0191696	0.021318	-0.0127554	0.00537909	-0.136855	0.00713139	0.00783485
0.0278782	-0.131355	0.00939761	0.00817328	-0.0529952	0.00473345	0.0336757	-0.140583	-0.00547788	0.00622837
0.0646011	-0.0670092	0.0135947	0.0501589	-0.0871628	-0.0163255	0.0376061	-0.0733052	0.0525059	-0.0541333
-0.0501699	-0.162611	-0.0478467	0.0571916	-0.150214	0.0367164	-0.0372584	-0.0413529	0.0022609	0.0389156
-0.0155446	0.0360734	-0.096139	0.0407852	0.0163192	0.0379783	0.0214644	-0.0791433	0.0215274	-0.0407004
-0.00770312	0.059538	0.0254432	0.0662048	-0.00112361	0.0389137	-0.0392041	-0.0619848	0.044853	0.0221431
0.0181931	0.000654984	-0.0592028	0.0516925	0.0669639	-0.0144367	-0.0519485	-0.0231818	0.036353	-0.0113099
-0.0471783	0.0714155	-0.0393296	0.0573556	-0.0735982	-0.0761239	-0.0568978	0.0303999	0.0196714	-0.0360606
0.0465958	0.015339	0.0319252	0.0115966	-0.0200209	-0.0449243	0.0677403	0.0227774	0.0116823	-0.0144271
-0.0138417	0.0619862	-0.0572854	-0.00348515	-0.00354072	0.0579899	-0.076962	-0.0508959	0.0414526	-0.0459596
0.00688415	-0.040878	0.0641388	0.0120569	-0.0718683	0.0267106	0.0536088	-0.0041555	0.0705791	-0.0350434
0.00644517	-0.00704086	-0.0561689	0.0174285	-0.0534118	0.0277174	-0.0157267	-0.0264815	-0.0126685	0.0195039
-0.0611568	0.0352262	-0.0670162	0.0482911	0.134447	0.0773406	0.0112045	-0.0172316	0.0766277	-0.060591
0.0708447	-0.0236029	-0.114226	-0.00592744	0.148712	-0.0271633	0.00802732	0.156689	-0.0512812	-0.00334343
0.0487693	0.0140594	-0.0580684	-0.0176116	0.038693	0.0801188	-0.0240049	0.0336318	-0.0385291	-0.00920208
0.0556074	0.0719381	-0.0402169	-0.00324004	0.140709	-0.0697346	0.0718672	0.134705	0.13796	0.0757418
-0.0428025	0.125544	0.0437151	-0.0472232	0.0891703	0.0240303	-0.0125476	-0.0230506	0.0594939	-0.0320964
0.108951	0.0325775	0.021504	0.0529742	0.0828403	0.0230788	-0.0490608	0.0310708	0.204169	0.0305256
0.032333	0.0804093	0.0524701	0.0591417	0.11398	0.0261751	-0.00449237	0.0160845	0.0630423	-0.0939345
0.00834475	0.0802549	0.0492856	0.0624988	0.1006	0.100372	-0.00739012	0.000118645	0.0100857	-0.0485544
0.0748474	0.0987298	0.141551	0.141676	0.0948833	0.123036	0.0551356	0.0906693	0.0454506	-0.121117
0.0939514	0.047377	0.103538	0.0633226	-0.0151476	-0.0119444	0.116631	0.0697546	-0.201541	-0.050803
-0.0461463	0.0168017	0.124221	0.164305	-0.0224439	-0.0516069	-0.0706041	0.0980978	-0.0896496	0.0506618
0.055722	0.0247569	0.10264	0.0824174	0.11442	-0.00729119	0.0530916	0.124484	-0.11238	0.0452935
0.0844651	0.0681611	0.144538	0.0978297	0.0820891	-0.057771	-0.0468228	0.0581518	-0.111129	0.00497711
0.000795042	0.0561498	0.150906	0.165972	0.0789678	-0.0514242	-0.0322261	-0.0689146	-0.0640098	0.0106254
0.000863426	-0.048568	0.0562777	0.0509722	0.0796072	-0.058752	0.0405144	-0.0347372	-0.0617797	0.0626602
-0.0205956	-0.0867862	0.0514031	-0.0390257	0.0599848	-0.0852517	0.0191259	-0.133933	-0.0466779	0.0297537
0.0474403	-0.0935637	0.0487279	-0.0581824	0.0888915	-0.101523	-0.059694	-0.191799	-0.114472	0.0776073
0.00699804	-0.0304478	-0.0256497	-0.0656389	-0.0170163	-0.0941846	0.0298668	-0.135157	-0.0544419	0.0523812
-0.00852854	-0.0816653	-0.075258	0.035541	-0.0162782	-0.00286178	-0.0761298	-0.150788	0.0305621	0.0141005
0.0546255	-0.0787807	-0.0907283	0.0204835	-0.0997568	-0.00197138	-0.019072	-0.112981	0.0971771	0.0889585
0.0589735	-0.0279869	0.017738	0.132273	0.0210135	0.0510376	0.0250268	0.0568574	0.0680797	0.0804583
0.0906158	0.0905623	-0.017915	-0.00378739	-0.0846383	-0.0451982	-0.0781718	-0.0128166	0.000101435	-0.00665386
0.06693	-0.0604588	0.0356904	-0.0683926	-0.0448464	-0.0113719	-0.0836347	0.0408674	0.085683	0.0563631
0.0765057	0.00680332	-0.013954	0.0456871	0.0787922	0.0137122	0.0565912	-0.0084321	-0.0155438	0.038155
-0.035468	0.0181549	-0.0568976	0.0242801	0.0765028	0.0167382	-0.00284216	-0.0222216	0.0686638	-0.00628562
0.0724302	-0.0632728	0.0139432	0.0768351	-0.0245059	0.0572555	0.0747632	-0.0597409	-0.0668254	-0.0691201
-0.0485349	0.0207872	-0.0691266	0.0245496	0.0882061	-0.0174865	-0.0276899	0.0398276	0.0270626	0.0643607
0.0288637	0.0325798	-0.0491419	0.0109502	-0.00441675	0.0593324	-0.00275992	0.0398018	-0.0248839	-0.0233616
-0.0339586	-0.0362212	0.0634819	0.00211592	0.024555	-0.0557274	0.00140455	0.104913	0.0819335	0.0579221
0.0440034	0.110431	-0.0508871	0.074528	0.127106	-0.0410433	0.0115972	0.075715	0.00259435	0.0268368
0.0536954	0.200922	-0.160791	-0.108342	0.125524	-0.0484299	-0.00432645	0.0576264	0.089566	0.00834202
0.0033534	0.0915931	-0.00973453	-0.0239887	-0.000625408	0.00420893	0.0344194	0.0520163	0.103969	-0.0638198
0.0233466	0.120078	-0.0670826	0.0335057	0.0395842	0.0489923	0.0166519	0.00820943	0.083867	0.0221931
0.0753785	0.0688809	-0.0317907	-0.0713465	0.11704	0.113141	0.0644098	-0.00915392	0.0246349	0.00398449
0.0802094	0.126311	-0.0331332	-0.034798	-0.0234207	0.00744261	0.0609682	0.0460323	-0.0697599	0.0277243
0.136415	0.0960205	-0.0225642	-0.0907442	0.139037	0.158067	-0.0683177	-0.00209204	-0.0598229	-0.0898391
0.0287849	0.0881851	-0.0134533	0.014811	0.0472612	0.0403749	-0.067008	0.068833	-0.0732982	0.0195314
0.0726351	0.101623	0.0869123	0.128366	0.0958062	0.111207	0.020291	0.0941998	-0.146628	-0.0252833
0.141599	0.132025	0.0101402	0.0498578	-0.0138242	0.0593031	0.0749977	0.0435703	-0.179008	-0.0664755
0.050228	0.104013	0.0391811	0.0988341	0.0376663	-0.0272227	0.0587878	0.073154	-0.204178	-0.0377816
0.000881332	0.00657428	0.0492546	0.0343203	0.0634583	0.021659	0.122084	-0.018929	-0.224241	-0.00436657
0.0754023	0.104169	-0.0535044	0.0650315	-0.0850022	0.0532012	0.0604811	-0.0224952	-0.0424017	-0.0399256
0.0409133	0.0364326	-0.0474594	-0.0460113	-0.00740867	0.0187062	0.135001	0.0201999	-0.131718	0.0460642
0.0373792	0.0367593	-0.0377179	0.140072	-0.034473	-0.0892294	-0.000979105	-0.0403491	-0.0506336	0.0250644
0.00568368	0.0517579	-0.0560974	0.00737347	0.0273148	0.0317801	0.03399	-0.148828	0.0126439	0.0579665
0.0978655	0.00560844	-0.039767	0.026176	0.0123244	-0.0192543	0.0604541	-0.0618356	0.0104536	0.0770013
0.00313004	0.0382927	0.0153234	0.0507725	-0.00700268	0.0623605	-0.0387592	-0.160672	0.0769087	-0.019252
0.0961514	-0.160697	0.0284039	0.108719	-0.051656	0.0413366	-0.007833	-0.118271	0.0489405	0.0073736
0.0442593	-0.00870828	0.0432708	0.135921	-0.112132	0.166579	-0.099356	-0.106109	-0.00474025	0.204698
0.084192	0.0637969	-0.0386881	0.0430662	-0.0572936	0.119874	-0.0756894	-0.0897734	-0.0326322	0.0322027
-0.0642261	0.0792192	0.0189477	0.00256586	-0.0639272	0.0385048	-0.0065076	-0.0795541	0.0360095	0.0429904
-0.0624547	0.0396322	0.00981199	0.075635	-0.016222	0.0229348	-0.0330691	-0.0116936	0.0229826	-0.0714452
-0.0109765	0.0717638	-0.0293441	-0.0649647	0.0179296	-0.0664017	0.0568866	-0.0188616	-0.0796072	0.00843272
-0.0121397	-0.0273554	-0.0155195	0.0398714	-0.0593339	0.00887111	0.00391938	-0.00214541	-0.0190445	-0.0335742
-0.0784552	-0.00839301	0.0215936	-0.00543342	-0.00436144	-0.0272817	-0.0363709	-0.0581286	-0.0786486	-0.000821884
-0.0391599	0.0111389	-0.0694924	0.0395742	0.0593202	0.0733811	0.0446061	-0.0505269	-0.0214024	0.027367
-0.0289803	0.0458683	-0.041446	-0.00466194	0.125735	-0.0350158	0.0541177	0.0269169	0.062785	0.0532765
0.0599728	0.0514231	-0.00336711	-0.0142006	0.139435	0.0305654	-0.0963308	-0.0476731	0.117679	-0.0124271
0.0288332	0.0760943	-0.135702	-0.0912382	0.157909	0.0514176	-0.00832349	-0.0246597	0.0280334	0.0661443
-0.0620958	0.197681	-0.0806737	0.00824175	0.0841284	0.0370191	0.009672	0.0258649	0.0426696	-0.0214704
0.00663685	0.0900333	0.0224355	0.00694979	0.0267538	0.0170408	-0.0246101	-0.0699251	0.0471824	0.0806917
0.0333868	0.120203	0.0304119	-0.00107234	-0.0112649	0.139082	0.0141682	-0.000259222	0.0399415	0.00976879
0.0603705	0.156756	-0.0472046	0.0132887	0.0371769	0.104966	-0.0343809	-0.0233275	-0.0442945	0.126463
-0.0452943	0.122765	0.0489235	0.00917411	0.0276832	0.0846988	-0.0432697	0.0167055	-0.0473802	-0.0486087
0.082577	0.117315	-0.0332403	-0.000329792	0.0758699	0.0514306	0.0686836	-0.0187027	-0.119287	0.0920964
0.0274821	0.0961359	0.0432034	0.121197	0.132152	0.154014	0.115278	0.0363062	-0.0862111	-0.0949221
0.148506	0.0420529	0.0455132	0.115364	0.131592	-0.0612969	0.00228104	0.0765219	-0.243898	-0.0642088
0.146302	0.0350889	0.0688844	0.148565	-0.0300034	0.00815394	0.155408	0.0320292	-0.18742	-0.0524692
0.121087	0.101972	0.0488302	0.0743739	-0.0120668	0.146224	0.0479982	0.10415	-0.214078	-0.0389605
0.0984076	0.0696286	-0.0748898	0.0314527	0.00144711	0.00291827	0.034403	-0.0154096	-0.0556995	0.0453405
0.0701842	0.110419	-0.00929758	0.0340316	-0.0279518	0.0281561	0.0678254	-0.0852196	-0.0435764	-0.0161984
-0.00312722	0.0396882	-0.101655	0.0613084	-0.0193417	-0.0333844	0.118978	-0.118279	-0.0213641	0.0996516
0.0657659	-0.00313598	-0.078102	-0.0415994	-0.0581656	0.0817955	0.109524	-0.170263	-0.0905759	0.126403
-0.03419	0.121104	0.0381601	0.0190009	-0.0605955	0.0264507	0.0373811	-0.192756	0.00110855	0.0594406
-0.0869145	0.037245	0.0319258	0.0808381	0.105678	0.0339805	0.0288133	-0.152179	-0.0204273	0.048575
0.0506762	-0.0838976	0.0197375	0.152278	-0.0466163	0.122477	-0.00785156	-0.119916	0.0518546	0.178724
0.0399925	-0.112489	-0.00703505	0.244194	-0.102181	0.0477416	-0.161307	-0.098307	0.0526624	0.119422
-0.0298527	-0.00965958	0.0579736	0.18567	0.0821632	0.0767201	-0.0962701	-0.108635	-0.0359721	0.0729379
-0.0108396	-0.0606545	0.0235786	0.0365157	-0.0361735	0.0238307	-0.0266411	0.00277215	0.00996485	0.0231933
-0.0196888	-0.035492	0.0620616	-0.0513784	-0.00988377	-0.00544876	-0.0692955	-0.0746119	-0.0278056	-0.0315122
-0.00257063	-0.0477686	0.049328	-0.0618658	0.0784121	0.0434811	-0.0771731	0.00829975	-0.00193923	0.0663569
0.0182778	0.0382732	0.0585191	0.0608532	-0.0472125	0.00159398	-0.00576684	-0.000281646	-0.0808653	-0.0286757
0.0252993	-0.0532693	-0.068773	0.0295594	-0.0683868	0.010008	0.0275575	0.00481965	-0.0506704	-0.0285469
0.0545856	-0.0245485	-0.00283655	0.0498283	0.0238971	0.0884081	-0.0810595	0.0331992	0.0106397	-0.035553
0.0837509	0.130268	0.0177032	-0.124822	0.0651208	-0.0227451	0.0238109	0.0400366	0.0452327	0.0481364
-0.019321	0.0713212	-0.0643519	-0.0124287	0.0132717	0.00166131	-0.00929559	0.0242375	0.0262808	-0.00199023
-0.0529155	0.178601	-0.035437	-0.10929	0.0481526	0.0168772	0.064663	0.00729697	-0.0241587	0.0627552
-0.00407103	0.110112	0.040868	-0.143332	0.00172198	0.050007	-0.00874068	0.0478884	0.0601573	0.109698
0.0254082	0.209236	-0.0865045	0.0146315	-0.0606343	0.130985	0.0595299	-0.0795436	-0.0416426	0.0845761
-0.0402357	0.117903	0.0109573	0.0467174	0.0767007	0.171463	0.0587914	-0.027017	0.0623837	0.0121198
0.0943894	0.161815	0.0536528	-0.00995929	0.0466072	0.049592	0.0982488	0.0215689	-0.00869765	0.0508942
0.0787975	0.169135	-0.078615	0.00869076	-0.0264204	0.0556951	0.0862494	-0.0248965	-0.0556886	0.10941
0.177717	0.182438	-0.0101512	0.00319787	-0.00166182	0.0366354	0.00203028	-0.0518648	-0.0490523	0.0548168
0.161053	0.0863723	0.11262	0.0750787	-0.0590847	0.0555069	0.0647881	0.122242	-0.12687	0.0667442
0.110658	0.237882	0.0218765	-0.0225478	-0.0086127	0.0664078	0.0216555	0.104616	-0.140892	0.00899718
0.132724	0.134938	0.0315199	0.0397385	-0.0409867	0.103703	0.01813	0.173717	-0.203373	-0.0363653
0.0250532	0.186729	-0.00186565	0.180301	0.00449656	-0.0312668	0.0606202	0.0458659	-0.194142	0.00510744
0.0297887	0.137212	-0.0152024	-0.00290315	-0.0540108	-0.0136418	0.111611	0.0295772	0.0677846	0.0625689
-0.0548965	0.10952	-0.0704609	0.0154446	0.0503089	0.103645	0.129976	-0.0691708	-0.0745675	0.129871
-0.0528205	0.119712	-0.0504837	0.00492825	0.143879	0.039321	0.0868826	-0.106513	0.0177989	0.152552
-0.0417317	0.142339	-0.057915	0.100893	0.0912579	0.0193488	0.117135	-0.25773	0.043407	0.0388735
-0.102422	0.0184762	0.0584813	0.113711	0.0797781	0.133815	0.00989915	-0.25654	-0.0182735	0.0765516
-0.141524	0.159568	0.0309311	0.0879868	0.161317	0.127457	0.0334415	-0.132061	0.07091	0.120995
-0.131041	0.0770968	0.0375772	0.0911521	-0.0200061	0.0855426	-0.137386	-0.208787	-0.0124457	0.0899931
0.00595339	-0.123403	0.0902807	0.239845	-0.108385	0.188338	-0.189757	-0.133654	-0.059552	0.149957
-0.0426548	0.0205251	-0.0370096	0.181593	0.00224837	0.148442	-0.123114	-0.137937	-0.0545267	0.16426
-0.0249361	0.0372677	0.0384553	0.0679659	-0.0472135	-0.0477271	0.0594369	-0.0769641	-0.0541306	-0.020255
-0.0550496	0.0596907	-0.00531395	-0.0661951	0.0167693	-0.0315526	-0.0598556	0.0444292	-0.042835	0.00482572
-0.0497094	0.0785735	0.0211928	0.0792926	-0.0756937	-0.0272263	-0.00664067	-0.0452164	-0.00682459	-0.0259183
-0.061474	0.00745104	-0.083911	-0.065898	-0.000712813	0.0103572	0.0728752	-0.00593846	0.0399331	-0.00740045
-0.0737229	0.0685929	0.0518664	-0.0480939	0.0561475	-0.0135919	0.0563925	-0.0273449	-0.0201134	-0.0580747
0.0411198	0.0602962	-0.137008	-0.0924079	-0.0143658	0.133809	-0.0739093	0.03169	-0.0583721	0.115607
0.0121625	0.0334112	-0.0720454	-0.0318305	0.0806054	0.0570298	0.0198681	0.0381157	-0.0489069	0.0350468
-0.112351	0.18913	0.0365558	-0.156733	-0.0618242	0.0494161	-0.0166212	-0.0175653	0.0380102	0.00853468
0.00456724	0.108585	-0.0945606	0.00843425	0.0280194	0.115191	0.0599601	-0.0124561	-0.0954976	0.0829192
0.0672906	0.0801311	0.0501852	-0.0476991	0.0269599	0.0656618	0.00849904	-0.0414898	-0.042847	0.00744402
0.0757774	0.10671	-0.000666778	-0.0785199	-0.011774	0.136106	0.0431309	-0.172482	-0.0495842	0.0860625
0.0360147	0.181252	-0.00610156	-0.0535854	-0.15232	0.0471592	0.100716	-0.0967477	-0.0557157	0.0732286
0.0704539	0.0686152	0.0469501	-0.01655	-0.204984	0.0323684	0.0680469	-0.1161	-0.101424	-0.00788312
0.0961169	0.123458	0.0276654	-0.0086864	-0.382271	0.0913361	0.0362144	-0.11018	-0.104409	0.00134165
0.118399	0.140012	-0.0174448	-0.0456597	-0.302569	0.115147	0.0808285	0.00698073	-0.0493467	0.0175968
0.203695	0.170001	0.059453	-0.0268305	-0.287384	0.0556232	-0.0264621	0.105212	-0.153574	-0.0822155
0.210511	0.259785	-0.0616771	0.123415	-0.150383	0.00407096	-0.0953806	0.396231	-0.192815	-0.0389031
0.00322838	0.175716	-0.0873213	0.0655831	-0.0835576	-0.0097694	0.0622269	0.391684	-0.0932505	0.0589703
-0.164785	0.221175	-0.191508	0.00873334	-0.0210726	-0.0916026	0.10215	0.150198	0.0775996	0.0410269
-0.17808	0.152104	-0.195001	-0.0215141	0.0532101	0.0707919	0.119717	0.0863083	0.0611235	0.0932931
-0.188662	0.125651	-0.137248	0.0473933	0.0661437	0.0336448	0.249352	-0.0840669	0.0909047	0.107521
-0.189925	0.146408	-0.0328143	0.0991758	0.0636889	0.042617	0.108809	-0.149501	0.0506585	0.0384087
-0.132177	0.14302	-0.0637945	0.0812096	-0.0483084	0.0518178	0.143559	-0.242204	0.0694214	0.0902132
-0.0372403	0.0617775	-0.0359055	0.109893	0.0542361	0.117466	0.0196889	-0.216967	0.027119	0.134184
-0.164798	0.0858167	0.00228834	0.00793437	0.0912211	0.135367	0.0250625	-0.159661	-0.0386904	0.197202
-0.120517	0.0826081	0.0485485	0.179361	-0.0158875	-0.00734018	-0.0675147	-0.182119	-0.0522503	0.0982435
-0.0837453	0.00557511	0.00169668	0.317613	-0.0201007	0.152818	-0.12909	-0.0386881	-0.0826243	0.232365
-0.00465119	0.0442343	0.0232698	0.0746536	-0.0526418	0.0589895	-0.164508	-0.0911692	-0.0452571	0.14438
0.0503256	0.0515645	-0.0238874	0.0895367	0.0661667	0.0925367	-0.00313532	-0.0638031	0.0396576	0.106387
-0.0584321	0.0827836	0.021254	-0.0538035	-0.0357057	-0.0377636	-0.0702911	-0.0738127	0.049795	-0.0147562
0.049724	0.00571857	0.0575175	-0.0783767	0.00047047	-0.0463738	-0.0549464	0.0214116	-0.0116485	-7.53306e-05
0.0510377	-0.0761392	0.0654333	-0.0331715	-0.030796	-0.042713	0.0610849	-0.0637711	0.0300627	0.010147
0.0743983	0.079454	-0.0672533	0.0419919	-0.00580992	0.0654616	-0.0144059	0.0633705	-0.0637931	-0.0308337
-0.00560837	0.0365679	-0.0315905	-0.0400317	-0.0127495	0.0762769	-0.0303296	-0.0905664	-0.104356	0.0853473
0.00429196	-0.000443053	-0.0967696	-0.0252997	-0.082587	0.00264556	0.00659945	0.0707128	-0.0704479	0.100756
-0.00808597	0.122747	0.00679826	-0.057319	-0.236905	0.0371734	0.00687663	0.0345644	-0.0844092	0.0518477
-0.0119722	0.0282364	0.0137782	-0.121946	-0.27089	0.034903	0.0508496	-0.00167525	-0.0826054	-0.103286
0.101728	-0.0219388	0.0752626	0.015647	-0.199464	0.0904794	0.0330408	-0.108966	-0.000875081	-0.0696479
0.0563548	0.0481218	0.141177	0.0309777	-0.405428	-0.00942994	0.114764	-0.198629	0.0187077	0.0723902
0.0600917	-0.0282957	-0.0422548	0.0451222	-0.467114	0.121723	0.0083362	-0.0854363	0.0258173	-0.00327086
0.0247824	-0.00754864	-0.0279837	0.00131938	-0.449361	0.0412129	-0.0335904	-0.0261943	-0.115138	0.0679298
0.143001	0.00581938	0.0855088	0.0416074	-0.36459	0.0577035	-0.00320457	0.00334489	-0.0385675	0.0679467
0.0744226	-0.000335792	0.0195906	0.0383356	-0.260759	0.0920138	-0.0122056	0.0314823	-0.11376	-0.0552687
0.0806671	0.0964033	-0.0964727	-0.0463018	-0.209449	-0.0245335	-0.170319	0.217851	-0.271318	0.0869378
-0.053857	0.159808	-0.065289	0.0848267	-0.152442	0.0071753	-0.30155	0.419218	-0.384651	0.0204268
-0.213125	0.096916	-0.131056	0.113901	-0.0539478	-0.00913031	-0.190718	0.397133	-0.0468622	0.069087
-0.209464	0.104425	-0.21233	-0.101099	0.122992	0.0297543	0.0305291	0.15149	0.0398932	0.139779
-0.190121	0.020098	-0.112932	-0.0948606	0.0333516	-0.0963465	0.193766	0.074032	0.186502	0.0168964
-0.208806	0.109633	-0.0172644	0.0149345	0.0818039	-0.0501606	0.15855	-0.199158	0.0214026	0.0351596
-0.260456	0.0552047	-0.0868155	0.00452091	0.0734846	0.0358957	0.221635	-0.269074	0.0746406	0.0415318
-0.176329	0.0548669	-0.00299325	0.0906875	0.0118386	0.0441183	-0.0123688	-0.237106	-0.0041545	0.0671474
-0.186461	0.133902	-0.0522482	0.0609825	0.0496234	0.0722509	0.0575739	-0.218063	-0.0037143	0.0894717
-0.149587	0.0851402	0.0243224	0.0300399	-0.0320983	0.0407173	0.0678539	-0.132518	-0.13235	0.0114582
-0.0575924	0.117299	0.0593487	0.125653	-0.0869269	0.0796746	-0.134593	-0.16763	-0.147553	0.127486
-0.0664825	0.155078	0.0377931	0.182189	-0.0580848	0.0789215	-0.276321	-0.16202	-0.0933828	0.205934
-0.0211804	0.0309926	-0.102914	0.0784343	0.126349	0.0674995	-0.097748	0.0296674	-0.0150532	0.196505
0.0131447	0.0162309	-0.0774956	0.00540805	-0.0126582	0.00147992	-0.010407	-0.00791209	-0.0580394	0.0109033
-0.0209573	0.0821296	0.0440914	-0.000425232	-0.0607835	-0.00588844	0.0335107	0.0716067	-0.0344903	-0.0530682
-0.0702475	-0.0723485	-0.0323871	0.0322498	-0.00294915	0.0363894	-0.0053603	-0.0628177	0.00859388	-0.056251
-0.0290415	0.044148	0.0617821	-0.0313899	-0.0720861	0.077834	-0.0329168	-0.0365758	-0.0595405	-0.0396126
0.0496292	0.0339667	0.0357223	0.0459001	0.0111223	-0.00111573	-0.0902529	-0.0724872	-0.010141	-0.0568413
0.0771957	0.0289328	-0.0257414	0.0385677	-0.0499249	0.106668	0.0307783	0.0332681	-0.0732701	0.023707
0.0428588	-0.0851165	-0.108832	-0.00592004	-0.159417	0.0197603	-0.0792879	-0.0687739	0.015117	0.0340215
0.0419446	-0.0689998	-0.0226666	0.0289935	-0.237396	-0.0210744	0.0442337	-0.0241201	-0.0173817	0.0796525
0.0724893	-0.0196927	0.0123928	-0.0104562	-0.281084	0.0351556	-0.0358808	-0.0978763	-0.136715	-0.0768326
0.00619761	0.0475614	0.0204315	0.0337891	-0.352128	0.11829	0.0178872	-0.0450505	-0.0862124	0.00500858
-0.0168947	-0.00163212	0.104526	0.00354861	-0.398676	0.168241	-0.0616222	0.0191807	-0.0785605	-0.00394084
-0.0155413	-0.0464788	0.0103723	-0.01427	-0.229528	0.153292	-0.0439757	-0.0217719	-0.0255562	-0.0108505
0.00971837	-0.0687885	-0.0324282	0.0764584	-0.159423	0.157165	0.0932469	0.0636372	-0.0235603	-0.0115153
-0.0747779	-0.0144091	-0.0381729	-0.0355657	0.0153028	0.137692	-0.0900109	0.0555664	0.070157	-0.0110565
-0.0288334	-0.145658	0.0250489	0.108384	-0.0384098	0.17411	-0.0606304	0.165753	-0.0144626	-0.0420418
-0.0243599	-0.0746833	0.0450696	0.163495	0.0236238	0.107829	-0.20717	0.215691	-0.347971	-0.0356324
-0.119335	-0.0308784	-0.00976194	0.141145	0.0622698	0.0912577	-0.14606	0.287372	-0.276608	0.00738134
-0.137953	-0.199335	-0.152993	0.0115786	0.00741671	0.0802301	-0.0238445	0.194326	-0.0383919	0.0667453
-0.0867988	-0.152537	-0.134669	-0.0866251	0.0300865	-0.04162	0.121012	-0.109567	0.105627	-0.0725546
0.0595493	-0.0977633	-0.150819	-0.0339017	0.0999569	-0.0140571	0.262048	-0.153342	-0.0236279	0.103242
-0.0164494	-0.03871	-0.110933	-0.0242894	0.0358058	0.0121548	0.19515	-0.242917	-0.0350851	0.0722504
-0.120056	0.00740097	-0.0256003	-0.0358262	0.000581796	-0.0420415	0.0433772	-0.246353	-0.0296202	-0.0342389
-0.103789	0.0429709	-0.099269	-0.0472078	0.127736	0.0818611	0.117248	-0.149835	-0.0628	-0.121312
-0.137596	0.0316624	0.0649374	0.0110784	-0.0679181	0.0566402	0.0559171	-0.10737	0.010586	-0.208642
-0.089622	0.142191	0.0568833	-0.0293956	-0.0757544	0.112127	-0.0347335	-0.0730081	-0.123621	-0.0769233
-0.128693	0.156696	0.0995016	0.0184928	-0.0385498	0.104717	-0.101758	-0.118469	0.0313373	-4.57607e-05
-0.060633	0.0887804	0.113638	0.0857784	0.119573	-0.000683455	-0.109817	-0.0328634	-0.00291215	0.132187
0.021156	0.0253694	0.0633482	-0.0478738	-0.00221772	0.0131325	-0.13865	-0.0705005	-0.114427	0.131469
0.0311109	0.0272706	0.0271415	0.0755445	-0.0396438	0.0067224	-0.0199312	-0.0815315	-0.0487057	0.0546318
0.0429869	0.0582728	-0.00806292	-0.0716058	0.0133986	0.0197419	-0.0291814	-0.0104004	-0.0595069	-0.0123721
0.0237716	0.0569517	-0.0750233	0.0447431	0.0531376	-0.0532729	0.0238001	0.0128555	-0.0648441	-0.0255229
-0.0673482	0.0799578	0.0736672	0.0013934	-0.0573498	-0.036245	0.0186844	-0.0496327	0.0804027	-0.0114401
-0.00690633	-0.0474506	-0.098786	-0.0692025	-0.00349147	0.0912708	-0.0156145	0.0283931	-0.0695051	0.0140703
-0.0549504	-0.0858352	-0.0555504	-0.00108648	0.0207131	-0.0168237	-0.00485701	-0.0725747	-0.0968956	0.0108618
-0.0745771	-0.122389	-0.0764113	-0.0298319	-0.185481	0.160673	0.027322	0.0236842	-0.148138	0.0148164
0.0528324	-0.109583	0.00115793	-0.040398	-0.24412	-0.026594	0.012478	-0.0518439	0.00603259	-0.116398
-0.0363732	-0.114617	-0.00578243	0.135355	-0.227158	0.103677	-0.0647781	0.038455	0.0483757	0.0471334
0.0193823	-0.130438	0.037324	0.0194779	-0.194897	0.150372	-0.110022	0.0141618	-0.0437468	-0.0419193
-0.0338478	0.00553925	-0.0385869	0.0885268	-0.0276193	0.0374179	-0.102907	0.0392561	-0.0384776	-0.078673
-0.0188743	-0.0851588	0.0360254	0.0743202	0.130511	0.0260329	-0.124707	0.119751	0.0641779	-0.0995673
-0.00704825	-0.131861	-0.0644451	0.166918	0.101759	0.0178237	-0.090342	0.03404	0.0920153	-0.0235345
-0.106633	-0.0567558	-0.0302114	0.160056	0.170455	0.129186	-0.114516	0.0878749	0.214242	-0.137707
-0.0158435	-0.0894164	0.124463	0.273994	0.191363	0.0939637	-0.147997	0.132111	0.207124	-0.168612
-0.00789191	-0.156178	0.229116	0.367209	0.148414	0.157269	-0.241329	0.16976	-2.43088e-05	-0.0778083
-0.0912481	-0.190498	0.0820946	0.160221	0.299645	0.109513	-0.0799353	0.225729	-0.17421	0.100505
-0.0842417	-0.146383	-0.0717332	0.0792489	0.11815	0.103822	0.0922901	-0.042267	0.0478577	0.125946
-0.0276134	-0.102124	-0.106103	-0.0246109	0.0229645	0.0652246	0.130751	-0.0374505	0.0796212	0.0373222
0.0444233	-0.169278	-0.0826503	-0.0334378	-0.0636243	-0.0131607	0.250426	-0.189282	0.0400682	-0.0806011
0.0579414	-0.0198014	-0.0605757	-0.0251175	0.0187176	0.0396313	0.24034	-0.1752	0.00137009	0.0222673
0.0548349	-0.0222862	0.0926012	0.0229516	-0.0345801	0.128547	0.205888	-0.219859	0.0163777	-0.114256
0.0319412	-0.0271413	0.0964137	0.0831105	0.0171279	0.104532	0.0738788	-0.116104	-0.0459108	-0.167711
-0.0145257	0.0110221	0.12217	-0.028774	-0.154212	-0.0139408	0.121899	-0.0864751	0.0247057	-0.199669
-0.00455306	-0.0049755	-0.0671576	0.0490623	-0.129375	0.145499	0.0352058	-0.0496549	-0.057544	-0.284378
-0.00517375	0.0333704	0.1048	0.0538649	-0.0363573	-0.0322978	-0.0779726	-0.0651021	0.08995	-0.179745
-0.0968356	0.136862	0.151323	0.0655046	-0.115471	-0.0342307	-0.0242247	-0.0684322	0.0317562	-0.037479
0.0525842	0.049063	-0.00735196	-0.0890358	-0.00836482	-0.0685392	0.0398359	-0.0665837	-0.0552792	0.125246
0.0354327	-0.0173958	-0.0268327	-0.0906518	0.0493951	0.0361191	-0.0424908	-0.00153251	-0.0297396	-0.0419231
-0.0176373	0.0446363	0.0367942	-0.0632055	-0.0543816	-0.0307025	0.0297194	-0.0436605	-0.041096	0.0426443
0.0531675	-0.0453524	0.0672422	-0.0324783	-0.0306128	0.00694485	-0.0305769	-0.0416702	-0.0681363	-0.0796215
0.0619419	0.0617489	0.0556374	0.0803304	-0.0346276	0.0582742	0.00168262	-0.00980547	-0.0681497	-0.030232
0.000386455	0.0400712	0.0180175	0.0638964	-0.0454284	0.0859007	-0.0156938	0.0519868	0.0133795	0.0600591
0.0439617	-0.0627758	-0.106744	-0.00203126	0.0718585	-0.0310803	-0.0185471	-0.0145766	-0.0385399	-0.0673034
0.021867	-0.182552	-0.144581	0.110876	-0.0510947	0.160501	0.0487698	0.0619474	-0.1359	-0.0191401
-0.071319	-0.140235	-0.142506	0.112817	-0.136685	0.124659	-0.0515458	-0.0660983	-0.0298625	-0.172531
0.0569909	-0.199257	-0.0114904	0.0991292	-0.0735388	0.0684322	-0.138692	-0.0694366	0.10993	-0.173078
-0.0549778	-0.0729829	-0.0513512	0.251269	0.121541	0.210219	-0.120238	0.0646556	0.0802151	-0.171201
-0.0139083	-0.158484	-0.0319438	0.18925	0.1302	0.0995147	-0.0440997	-0.00424356	0.150041	-0.00953246
-0.0660054	-0.142831	-0.00500635	0.156698	0.125993	0.0946606	-0.079417	0.0833515	0.0984054	-0.116052
0.000862049	-0.0677733	-0.0167266	0.203895	0.0909086	0.10194	-0.0818274	0.0927745	0.195891	-0.205096
-0.063058	-0.128867	0.0138008	0.164126	0.129961	0.0756874	-0.0952389	0.0324921	0.111104	-0.169655
0.0692049	-0.139822	0.211443	0.159968	0.133414	0.138074	-0.175395	0.0887708	0.037855	-0.0899618
0.0863922	-0.0628874	0.258177	0.148546	0.190138	0.0913088	-0.0406704	0.076896	-0.17102	-0.0209736
0.158277	-0.0398548	0.232424	0.0424803	0.00790565	0.204279	0.113625	-0.0160489	-0.122824	0.247851
-0.0766948	-0.143343	0.163308	0.136579	-0.0787338	0.0811818	0.115399	0.0789681	0.0345976	0.0498313
0.100948	-0.1233	-0.0211956	-0.102115	0.0570964	0.0520179	0.225484	-0.00514273	0.121174	0.0204953
0.0702327	-0.0782488	0.0223444	-0.00366694	-0.0523817	0.00379375	0.172527	-0.108565	0.10315	-0.0184221
0.00112246	0.0269836	-0.0270854	0.0287958	-0.0644746	0.0688393	0.203207	-0.078268	0.0783681	0.0480896
0.0284569	-0.0722331	0.0590552	-0.0180016	-0.046154	0.0513007	0.135905	-0.175553	0.052864	-0.110877
0.122009	-0.0454223	0.0586116	-0.087149	-0.0859905	0.19852	0.18311	-0.0772377	0.0746816	-0.0205091
0.0256959	-0.0590921	-0.0132102	0.00159419	-0.0353973	0.00575624	0.0529017	-0.0576961	0.0707459	-0.1477
-0.0535019	-0.0542005	-0.000404606	-0.00471225	-0.178374	0.0747323	0.00162662	0.0229986	0.0575827	-0.258617
-0.00483681	-0.0819042	0.11038	0.0435288	-0.137174	-0.118074	-0.0356322	0.0176573	0.117835	-0.233209
-0.00609975	-0.000354903	0.141454	0.00397387	-0.0150009	-0.147018	-0.114487	0.0595964	0.118028	-0.0326815
0.000714477	-0.00900762	-0.00112739	-0.104174	-0.0183933	-0.0503802	0.0267229	-0.058716	-0.0388399	0.0209708
-0.0458418	0.0098917	-0.00895177	-0.0351669	0.00153273	-0.0663187	-0.0071251	0.00924128	-0.0179875	0.0617767
0.0235557	-0.0735414	0.0851307	-0.0303954	0.0413324	0.0464545	-0.0723195	0.0500829	0.0679295	-0.0656446
-0.0481262	0.0171211	0.0680205	-0.00586373	0.0550492	-0.00700724	0.0500201	-0.0808288	-0.0324302	-0.0498097
0.0730343	-0.0105799	-0.00772651	-0.0740388	0.00874799	0.0528359	0.0547649	-0.0482704	0.0705665	-0.0215196
-0.026165	-0.0283911	-0.00636855	-0.000582784	0.022296	0.00089492	0.00698857	0.0642033	-0.00133335	-0.0612812
-0.0813974	-0.0787349	-0.0896027	-0.0300281	-0.0382934	0.085695	0.072684	0.0267962	-0.00724439	-0.0946293
-0.0816269	-0.0578668	-0.0912354	0.0535841	-0.0108887	0.136666	0.0903824	-0.0427849	-0.043414	-0.165872
-0.0616182	-0.0598546	-0.0920366	0.131551	-0.000779384	0.035107	-0.0440678	-0.0892459	0.201067	-0.273729
-0.114739	-0.201654	-0.0851621	0.0971854	0.0193389	-0.0109734	-0.0709286	-0.105475	0.114976	-0.20138
-0.0715362	-0.0823579	-0.000152529	0.112657	0.204505	0.0776868	0.0404032	-0.16518	0.115007	-0.140823
-0.0338948	-0.107181	-0.0666124	0.128795	0.0158143	0.0591658	-0.053111	-0.0462124	0.175274	-0.148192
0.0696072	-0.0553148	0.073014	0.0882843	0.149276	0.0718021	-0.140412	0.00068806	0.0555225	-0.162732
0.00636841	0.000298092	0.028321	0.0545883	0.00918351	0.0119556	-0.085634	0.0364249	0.0753081	-0.198994
-0.0169318	-0.0209034	0.250803	0.0914635	0.0758064	0.0172953	-0.0726156	-0.0347778	0.129648	-0.188464
0.0591039	-0.0554881	0.202688	0.0812568	-0.00223196	0.198413	0.0115347	0.0147535	-0.0599945	-0.055867
0.0281696	-0.00967897	0.344828	0.0610788	-0.0174587	0.16859	0.00251715	0.0469515	-0.0657944	0.120154
0.053433	-0.00312551	0.264002	0.0481245	0.069098	0.226065	0.110307	0.118261	-0.0408404	0.174989
0.131306	-0.081086	0.0858621	0.0381922	-0.0456848	0.121566	0.00363639	0.00296003	-0.0135004	0.0666505
0.0425731	-0.195037	0.083441	-0.0862526	-0.0124463	0.0752158	0.0813171	-0.0340438	-0.0468242	0.0362591
-0.0452073	-0.0458183	-0.0315798	0.040154	-0.073992	0.101795	0.196921	-0.12104	0.0664978	-0.0653434
0.00257454	-0.0402423	-0.0350252	-0.115606	0.00154119	0.0583273	0.0802011	-0.154585	0.0965698	-0.0397946
-0.0380385	-0.071782	-0.0929481	-0.110163	-0.0367161	0.0536459	0.13641	-0.113761	0.00212806	-0.0439088
-0.0117401	-0.0288253	-0.0978032	-0.101722	-0.110262	-0.0890061	0.0592384	-0.100413	0.0982443	-0.0140694
0.0431844	0.0230344	-0.0461265	-0.119726	-0.0394236	0.0279861	-0.00909641	0.0586164	0.196144	-0.0313304
0.0397158	-0.0348307	-0.0720132	-0.0230721	0.0197559	-0.0286903	0.0389847	-0.0850791	0.11404	-0.145651
0.0793365	0.0459129	-0.0545496	-0.026456	-0.034972	-0.139984	-0.168004	-0.000319452	0.0256235	-0.134811
0.0151069	-0.0484245	0.0905108	-0.062951	-0.00612519	-0.156224	-0.110322	0.101001	0.0387101	-0.0785638
0.0260118	0.0446545	0.13328	-0.109048	-0.0336295	-0.0678994	0.0584558	0.000971173	-0.0689378	-0.0225173
0.0652345	0.0750895	0.0686126	-0.148741	0.0859876	-0.0565491	-0.00108534	-0.0141957	0.0184866	-0.039156
0.00996069	-0.039195	0.0391882	-0.0292552	0.0270327	0.048758	-0.0765086	0.00367665	0.0766129	0.00481161
-0.0416297	0.0271768	-0.0684748	-0.0774194	-0.0177067	0.00100289	0.0326916	0.0557587	0.0634724	0.00911414
-0.06872	0.0345556	0.0011553	-0.0428679	0.00470346	0.0563171	-0.0798365	0.0235488	-0.0393387	0.0502224
0.0320659	-0.0226017	-0.0741937	0.0147197	-0.0355874	-0.0682346	0.0580571	-0.00841732	-0.0509125	0.0160704
0.0392556	0.00864774	0.0565236	-0.0830899	-0.0338272	0.017069	-0.0104265	0.0292344	0.0958212	0.0421513
0.0282807	-0.0998548	-0.0313744	0.0271213	0.0306464	-0.0677211	-0.00775093	0.0662077	0.0435077	-0.0692666
-0.0671595	-0.0703323	0.0360506	0.0509637	0.0662514	-0.107463	-0.0271187	-0.0481029	0.00614139	-0.198387
-0.172372	-0.0856494	0.0158824	-0.0648921	0.0876689	-0.0526552	-0.0498814	-0.103	-0.0140789	-0.170218
-0.185429	-0.0283921	-0.00885515	-0.0321635	-0.0126347	0.0251379	-0.00459551	-0.0784077	0.124238	-0.207924
-0.0345828	-0.0756844	0.0513455	0.0212852	-0.00160743	0.0254451	-0.0442605	0.00952299	0.0840956	-0.153977
0.0737689	-0.0426489	0.0372125	-0.0324012	-0.0123882	0.006691	-0.00922162	-0.00798555	0.133716	-0.204782
0.076593	0.0127539	0.0587923	-0.0103217	0.0127029	0.0511939	-0.0764901	-0.0156898	0.0328467	-0.172994
0.00945624	-0.0754783	0.0896306	-0.0222361	-0.0363853	0.0938903	-0.0114735	0.022604	-0.0473283	-0.122866
0.111738	0.00496549	0.195996	0.0528075	-0.0247697	0.16965	0.0124665	-0.0577214	0.0424382	0.0501129
0.0938125	-0.0760062	0.326207	0.074521	0.0766788	0.142491	0.118189	-0.0287611	0.0790627	0.202933
-0.0193546	-0.111556	0.324537	-0.0214661	0.0908067	0.166618	-0.0287095	0.0293387	0.108979	0.231654
0.052297	0.0678636	0.0137768	0.0178182	-0.0187455	0.0594049	0.120082	-0.0980567	0.0445972	-0.0552156
0.0419234	-0.0498009	0.113658	-0.0752497	-0.0663693	0.159788	0.0804794	-0.0512244	0.09198	-0.146112
-0.0622322	-0.066731	-0.0911877	-0.00627403	-0.0482768	0.136645	0.0827391	-0.102566	0.072935	-0.12628
0.0292052	-0.0130281	-0.0556492	-0.0137369	0.0199858	0.0616549	0.0166694	-0.0613998	0.0269455	-0.0611654
0.0420674	-0.112701	-0.110362	-0.121193	-0.0112982	0.000650249	-0.056607	-0.133084	0.121996	-0.107535
0.0242138	-0.0373476	-0.228691	0.0402517	0.0832232	-0.0240768	-0.0702174	-0.0708655	0.137515	-0.0403322
0.00665029	-0.0137086	-0.0918792	-0.0863576	0.0288235	0.0493709	-0.0653642	0.0480686	0.113633	-0.0641242
0.0415299	-0.0261868	-0.162651	-0.0974925	-0.0360347	0.0676816	0.0403334	-0.00592288	0.107742	-0.0897506
-0.000983212	-0.0744234	-0.0441939	0.0246143	0.0313119	-0.0247005	-0.122021	-0.0382936	0.0944178	-0.122339
0.115569	0.0405613	0.160769	-0.142549	0.113932	-0.165255	-0.113224	-0.00462718	0.0132517	-0.0449898
0.00581843	0.0552926	0.1492	-0.140563	0.131209	-0.0987689	0.0122962	0.118724	0.0521496	-0.0791498
0.00334384	0.0302637	0.0745988	-0.115758	-0.0596095	-0.0673706	-0.00377115	0.0298584	-0.0910369	0.0297095
0.0134085	0.0158069	0.0589026	-0.0376849	-0.0326877	-0.0769728	0.0736756	-0.0127768	-0.0731458	0.0372863
0.0322234	-0.0479176	0.0564535	-0.0440822	0.034028	0.0526091	-0.0620435	0.0542616	0.0190157	-0.0724318
0.0227175	-0.0356	0.0770959	-9.74142e-05	-0.027784	0.0641106	-0.0463661	-0.0101635	0.0677402	0.0683854
0.0359728	-0.00776631	0.0527865	0.0237321	0.0422186	0.0149954	0.0314942	-0.0215513	-0.0105461	-0.0363524
-0.0692213	-0.00696491	-0.0272487	-0.111241	0.100116	0.0492488	-0.00305505	-0.0707946	-0.0563684	-0.00205261
-0.0692732	-0.076076	0.0230825	-0.0994114	0.0420892	-0.0155611	0.0503667	-0.0107747	-0.107084	-0.0333429
-0.140753	-0.0231977	-0.113645	0.00944939	0.0343646	-0.125115	-0.0653545	-0.105189	-0.0379844	-0.115976
-0.0793491	-0.0466889	-0.0498543	-0.135475	0.0224463	-0.0751703	0.0557224	-0.0204221	0.115111	-0.117878
-0.188821	0.0584713	-0.0574448	-0.0823508	-0.0988514	-0.0491116	0.0101362	0.051144	0.0681289	-0.119093
-0.101562	0.0783268	-0.0263143	0.0775427	-0.145203	-0.0444175	0.0487016	0.0230909	0.00170071	-0.0625546
0.0100711	0.041634	0.0944344	0.00831087	-0.12918	-0.0525212	0.0209361	0.071321	-0.00335694	-0.00861735
0.000279985	-0.019498	0.113865	-0.0273398	-0.11785	-0.0406472	0.0782548	0.0469766	-0.0345041	-0.0245088
0.0110227	-0.0343358	0.144152	0.00252896	-0.0821919	-0.0498275	0.0920512	-0.0435015	-0.0730102	-0.0632954
0.0719053	-0.00141184	0.28318	0.0245694	-0.101517	0.111657	0.122577	-0.0444871	-0.0138978	0.0805329
-0.0218034	0.0398603	0.251601	0.0100786	0.0820408	0.133768	0.110396	-0.0694427	0.0748157	0.159226
-0.0186736	-0.128013	0.235524	-0.103786	0.0354345	0.15536	-0.0362949	0.0319479	0.131035	0.213174
-0.0194319	-0.147531	0.0435458	-0.0548809	-0.0804433	0.14992	0.0285762	-0.10585	0.133253	-0.0258375
-0.0165522	-0.0866623	0.115728	-0.195789	-0.0015419	0.0895247	0.138849	-0.0951751	0.168375	-0.112478
-0.077296	-0.0302226	-0.0315227	-0.14163	0.0205351	0.0894313	0.132054	-0.222397	0.127283	-0.138975
0.00697396	-0.0457868	-0.107817	-0.00861321	0.109212	-0.137931	0.0356021	-0.115903	0.0835591	-0.0790107
-0.00755675	0.0259025	-0.174063	-0.0817672	0.0933603	-0.217047	0.0569641	0.00532564	0.0897723	-0.0257031
-0.0431517	0.00908891	-0.189476	-0.0324199	-0.0267138	-0.153408	0.0376373	0.0662759	0.051656	-0.119578
-0.0213675	-0.030697	0.00965779	-0.0748508	0.0648699	-0.0936858	-0.042358	0.0632917	0.0893871	0.0204883
0.10392	0.0147241	-0.0356005	-0.0890442	0.0141464	-0.0334961	-0.0170087	0.0761992	0.0518843	-0.0876626
0.104873	-0.0276816	-0.0181282	-0.0219379	0.103204	-0.0436944	0.0162913	0.111666	0.0477515	-0.027879
0.0947402	0.153086	0.145254	-0.133634	0.0540536	-0.136309	-0.122216	0.12904	0.00644105	-0.0843962
-0.10195	-0.00290375	0.210678	-0.226329	0.0545318	-0.16901	0.0362747	-0.0146364	-0.017603	-0.0163994
-0.0234575	0.0223116	0.0736057	-0.033318	0.0131434	-0.132301	0.00917809	-0.0209756	-0.0634198	-0.0757993
0.0518937	0.00431311	-0.0662422	-0.0886402	-0.0463876	0.0658815	0.0834785	0.0636227	0.010808	-0.0279576
0.0156456	0.0522535	-0.0412004	0.0745094	-0.000645413	-0.0547462	0.0418997	-0.0437643	0.0672391	-0.0153672
0.0446867	-0.0228499	-0.0424638	-0.0332724	-0.0740473	-0.0302732	0.0471291	0.0246468	-0.0452971	-0.0142373
0.0152024	0.00733774	0.0353372	-0.0756834	-0.0498922	-0.0457962	-0.0156826	-0.0547385	-0.0442369	0.00314679
0.0808373	-0.0121899	-0.0222597	0.0451008	0.135194	-0.0753391	-0.0831426	0.0394162	0.00965633	0.0454989
0.0112082	0.102266	0.0594024	-0.0506439	0.0837605	-0.179078	0.00967966	-0.0660932	-0.0636422	0.0653849
-0.055053	0.0878431	-0.0199688	-0.0725474	0.0863836	-0.159346	-0.121359	0.0071882	-0.0319355	-0.0802416
-0.115231	-0.11754	-0.0495369	-0.0151735	0.110586	-0.136205	-0.0297287	-0.0226125	0.00234633	0.0635351
-0.094806	-0.0799581	-0.0532198	-0.00604994	-0.0268288	-0.165331	0.00627005	0.0805906	-0.0140815	-0.112413
-0.189122	-0.0714051	-0.0114056	-0.0287971	-0.0863832	-0.0854655	0.16387	0.0297768	0.0100946	-0.0773268
-0.168945	0.0106775	0.0218427	0.0134467	-0.228342	-0.000607868	0.0544285	-0.0680888	-0.0709926	-0.0394756
-0.0534261	-0.0339745	0.102856	0.0438509	-0.163096	-0.123057	0.0472731	0.0347154	-0.0911987	0.0781849
-0.140799	-0.056545	0.0988292	0.0112476	-0.303279	0.0333746	0.0469033	-0.0535168	-0.00551305	0.000399949
-0.0551034	-0.08175	0.153058	-0.0549388	-0.208804	0.10177	0.147936	-0.129378	-0.119378	0.100444
-0.15238	-0.0928892	0.100272	-0.057572	-0.117199	0.0665893	0.0567299	-0.123201	0.066907	0.182926
-0.126289	-0.0582484	0.0203763	-0.0890569	-0.0272987	0.043918	0.0118746	0.0596183	0.102324	0.114059
-0.063764	-0.0702022	-0.0167379	-0.086523	-0.0144098	0.0706245	0.0488303	-0.131823	0.0236804	-0.111719
-0.122858	-0.0134675	-0.0145021	-0.0429349	0.0254449	0.0232847	0.0128945	-0.0173293	0.128024	-0.0864659
-0.00279854	0.0179617	-0.149561	0.046016	0.0268405	-0.0656636	-0.0799705	-0.103303	0.127823	-0.026873
-0.0493968	-0.0847584	-0.158031	0.00131713	0.0778072	-0.048327	-0.0665936	-0.014071	0.0359268	-0.117684
0.0683656	0.0245254	0.0110016	0.00960285	0.124414	-0.143831	-0.11425	0.0156917	-0.0103869	-0.0585629
0.0431796	-0.040202	-0.0226011	0.0176826	-0.0329025	-0.0440266	-0.110091	-0.0252485	-0.0182998	-0.0586785
0.090288	0.0170161	0.0121761	-0.0259049	0.0778616	-0.0746895	-0.0292621	0.0759455	0.012531	-0.0325698
0.00645517	0.112903	-0.0548638	-0.0279965	0.0310606	-0.0438727	-0.0958245	0.0867608	-0.0520656	-0.140237
0.0482991	-0.0646454	0.0321393	0.0201192	-0.00270502	-0.0816094	-0.0794594	0.0738514	-0.00602797	-0.12524
0.0181524	0.0536708	0.0666565	-0.124558	0.106467	-0.0757725	-0.0318149	-0.0532107	0.0869613	-0.0628574
-0.121136	0.030903	0.176586	-0.157055	0.100855	-0.0966643	0.0563297	0.11983	-0.0621917	0.00224678
-0.0461022	0.0251527	-0.000365142	-0.0239983	-0.0533707	-0.0996209	0.0183676	0.0828214	0.017717	-0.0715643
0.0312792	0.0815843	0.0707167	0.0278712	0.03746	-0.0719321	-0.0351527	-0.0482317	-0.0712099	-0.0208365
-0.0631	-0.00207472	-0.0658041	-0.0742282	0.0196792	0.0504791	0.0263356	0.0747509	-0.0183229	0.00985575
-0.0432355	-0.0579033	0.0365538	-0.0740352	-0.0583493	-0.0468131	-0.070112	0.0450309	0.0142297	-0.0365459
0.0206599	0.0751547	-0.0230166	-0.038132	-0.034519	0.0179161	-0.00729196	-0.0565893	0.0484055	0.00781354
0.082435	0.00544623	0.037287	0.0351473	0.0319714	-0.0524657	-0.0337824	0.00481314	0.0310432	0.151022
0.0703371	0.116339	0.080719	-0.10223	0.0659925	-0.0964208	-0.057048	0.0281157	-0.0916179	0.0660451
0.0274754	0.12798	0.00761686	0.0707045	0.100812	-0.157198	-0.0144455	-0.0426458	0.0314615	-0.000956383
-0.0657892	-0.044065	-0.064	0.131429	0.088663	-0.10279	-0.0152987	-0.0571318	-0.107166	0.0544427
-0.151034	-0.0160864	0.082631	0.0110553	-0.0493082	-0.166794	-0.0248149	-0.0391303	0.0323325	0.0240725
-0.124929	-0.0799718	0.040246	0.104945	0.0523979	-0.118011	0.0294283	0.0133154	0.0334786	0.00792813
-0.232361	-0.0673928	0.0354571	0.139937	-0.0328041	-0.181561	0.082771	0.083842	-0.0672764	0.0714405
-0.310597	-0.109271	0.096466	0.0108049	-0.0633829	-0.204568	0.0773851	-0.0632286	-0.19571	0.124721
-0.23033	-0.0659384	-0.0223039	-0.0187289	-0.207541	-0.0492168	0.0305642	-0.059841	-0.0567032	0.149741
-0.349239	-0.0692637	0.0506462	-0.051586	-0.19578	-0.200272	-0.0100725	-0.0402428	0.105737	0.00385402
-0.294289	-0.116598	-0.0975044	-0.0692762	-0.132575	-0.0599113	0.0518686	0.0302079	0.0314194	0.132583
-0.105623	-0.124828	-0.0352575	-0.0826673	-0.0552111	-0.0967518	0.0399794	-0.00864419	0.130494	0.0447541
-0.0656086	-0.120567	-0.0895076	-0.0259586	0.0607161	-0.0560851	-0.0101275	-0.0635819	0.00256138	0.026415
0.0339319	0.0303374	-0.021028	-0.0254849	0.141594	-0.144284	-0.0201964	-0.184138	0.075182	-0.0487257
0.0129049	-0.0219907	-0.00821443	0.0356742	0.102113	-0.0387499	0.0620671	-0.0244267	0.0592135	-0.0443221
0.0874733	0.0395654	0.0897651	-0.026586	0.0303027	-0.0685621	0.0613773	-0.0066643	0.0853234	0.00759755
0.0637686	-0.00787336	0.0479857	0.0303191	0.125998	-0.088076	0.0459953	0.000470567	0.0451393	-0.0615665
0.134115	-0.00433344	-0.0444196	0.042161	0.081139	-0.0281037	-0.037616	0.0774286	-0.024201	-0.0446169
0.105238	0.00124136	-0.0613974	-0.000565509	0.0576693	-0.0632945	-0.0803897	0.0872042	-0.07916	-0.123087
0.117836	0.0268507	0.121795	0.019833	0.110499	-0.0762166	0.000465629	0.0699109	-0.0275902	-0.0169768
0.0603533	0.102676	0.184014	-0.0681555	-0.00616306	-0.0872886	0.00513939	0.0527249	0.0195625	-0.040488
0.0217294	0.0844078	0.198833	-0.13309	-0.0020645	-0.117597	-0.0211678	0.00968713	-0.00511606	-0.0200968
0.0225778	0.0675484	0.110525	-0.173663	-0.0157323	-0.0384016	0.093894	-0.016669	-0.0459412	0.0654302
0.0749452	0.0178972	0.0336204	-0.0433097	-0.0258911	0.0280868	0.00483192	0.0857593	-0.0479362	0.069784
-0.0752097	-0.0584361	0.035851	-0.0872386	0.0639326	-0.0251651	0.0195327	-0.0189411	0.0794361	-0.0571368
0.0667966	0.024633	0.0325798	0.00254582	-0.0703615	0.0387934	-0.0190163	0.0581695	-0.0120325	0.0734089
0.0260116	-0.0112146	-0.0709458	-0.00139139	0.0178427	0.0182559	-0.0661047	-4.62528e-05	0.0184369	0.0679634
0.00964537	-0.0313912	0.0114216	0.0709485	-0.00752942	0.0329149	0.0199626	-0.0422452	-0.017107	0.000149134
-0.0158972	0.0420013	-0.0252946	0.0342553	0.0812126	0.0275519	-0.0687257	-0.0628286	0.0145658	0.138927
0.014166	0.0687159	-0.0482425	-0.0674432	0.117201	-0.0848633	-0.0669031	-0.0606293	-0.0225041	0.0538214
0.0736179	0.00802595	-0.0451	0.03022	0.131255	-0.109376	0.0381004	-0.0583326	-0.0525994	-0.0291256
-0.0241787	0.0830132	0.044178	0.0680776	0.0120851	-0.0864487	0.0047132	0.0277738	0.00467083	0.0671771
0.0282837	0.082199	0.0527813	-0.00756162	-0.0106514	-0.136932	0.055099	-0.0425883	-0.0687337	0.0411827
-0.0459884	0.0209915	0.0252871	0.151814	-0.0016432	-0.174901	0.0767	-0.161961	-0.119299	0.0199744
-0.165056	-0.0145033	0.117474	0.0557293	0.107885	-0.127164	0.0343983	-0.0959616	-0.144526	0.226091
-0.221488	0.0156318	0.0826532	0.168224	0.120411	-0.180644	0.0255691	-0.0733548	-0.0398276	0.090776
-0.183912	-0.0111391	-0.00629089	-0.00410624	0.0234074	-0.226419	-0.143328	-0.0672572	0.0812224	0.0372165
-0.259828	0.0202126	-0.0869688	-0.00511712	-0.0528881	-0.182739	-0.0836135	-0.0643176	0.0647596	0.0661937
-0.164633	-0.0188303	-0.0827266	-0.154897	-0.0359481	-0.224569	0.00704847	0.0476791	0.0677185	0.0373501
-0.0165108	0.0475273	-0.046808	-0.0354684	-0.125753	-0.0829616	-0.0250901	-0.100254	0.107621	0.0083877
0.0844057	-0.0212283	0.0404115	-0.0687865	-0.043491	-0.253359	-0.0273721	-0.0610993	0.0271364	0.00866691
0.0447708	-0.0727271	0.0493701	0.0561525	0.0619312	-0.11702	0.0793608	0.053303	0.031821	0.0457246
0.110281	0.105379	0.0260375	0.0207494	0.190237	-0.116162	0.0104361	-0.00692796	0.0812389	0.019516
0.114966	0.0387967	0.0201429	0.0215899	0.0565322	-0.126736	-0.0860175	0.0330687	0.13409	0.000217252
0.0506598	-0.0131716	-0.0103112	0.138716	0.0374961	-0.0753222	0.0526091	0.034753	-0.0363673	-0.00593983
0.025	0.0506783	0.0436518	0.0404391	0.0111236	-0.13247	-0.00567055	0.0196718	0.0335856	0.0442028
0.0932444	0.0738763	0.172516	0.081282	0.0739904	-0.106192	-0.0197862	0.024461	-0.0712287	-0.000429527
0.0812626	0.0697638	0.156563	0.0804382	-0.00180778	-0.0841484	-0.118045	0.0182109	-0.0151993	-0.0867336
0.022651	0.0391367	0.14619	0.0179607	0.00326102	-0.0643612	-0.0104891	-0.0485304	-0.0657002	0.0681842
0.119629	0.108372	0.110101	-0.077788	-0.0639397	-0.120894	-0.0770941	-0.065864	-0.0575485	-0.0297869
-0.0488347	0.123916	0.0301288	-0.0254782	0.0399408	-0.108219	-0.0114224	0.0298226	0.00338416	-0.00842183
-0.0729826	0.0265094	-0.057273	-0.0546055	0.0285345	-0.0417038	0.0718792	0.0747329	0.024508	0.073157
-0.0710522	-0.077011	-0.0465884	0.0615094	-0.0228086	-0.0282187	-0.0362498	0.0414228	0.0355592	-0.0267693
-0.00624448	0.0522908	-0.00975422	-0.00486573	-0.0658861	-0.0288402	0.0127274	0.0378473	0.054467	0.00165941
0.0240664	0.0275874	-0.0448251	0.0662399	-0.0212316	0.0423257	-0.00485003	0.02268	0.0598001	-0.0806711
0.0105274	0.0494748	-0.00634804	0.0191241	-0.035239	0.065577	-0.0832482	-0.0847297	0.0611705	0.0443181
-0.00669876	0.013298	0.0625663	0.0122918	0.147731	-0.0744218	-0.0215878	0.0430345	-0.00215823	-0.0226176
0.0461542	0.151116	-0.0114744	-0.0578739	0.0814903	-0.0241653	-0.019466	-0.086645	-0.133757	0.102969
0.188857	0.136236	0.0772986	0.100918	-0.0320481	-0.0818135	0.0593867	-0.100654	-0.16554	0.039469
0.0706645	0.108163	0.107038	0.0821886	0.0997719	0.0163282	0.0585122	-0.0626322	-0.112575	0.0514103
0.093585	0.087463	0.200025	-0.00896262	0.0330654	-0.050758	0.00951101	-0.0438725	-0.02862	0.0723465
0.078403	0.119807	0.160606	0.015658	0.0525855	0.00162104	-0.045255	-0.0987355	-0.160861	0.201634
0.0786986	0.0540674	0.0330819	0.0250295	0.00466631	-0.114551	-0.0588256	0.00897271	-0.108687	0.107697
0.00180978	0.0928238	0.0851135	0.0321391	-0.0320701	-0.0722362	-0.0872166	-0.0128136	0.0723043	0.099348
-0.0182365	-0.00800253	0.00630055	-0.0236006	0.0702394	-0.18215	-0.0365102	0.00242258	0.0727081	0.0608551
-0.105762	0.113808	0.0271141	0.0199218	-0.00211275	-0.1361	-0.0744826	0.120297	0.152876	0.0744437
-0.00485181	0.130169	-0.101591	0.0808973	0.0478338	-0.0713054	-0.073623	0.00938526	0.0705728	0.0352734
0.0323551	0.029739	-0.0700083	-0.0379768	-0.00252363	-0.064487	-0.0494543	0.0482694	0.112925	0.141761
0.0605021	0.0963107	0.0548975	0.0183151	-0.0811489	-0.0537024	0.0216022	-0.0625415	0.135034	0.0618279
0.0383129	-0.0504092	0.0382167	0.0648659	-0.0362772	-0.0925412	0.0770669	0.0660424	-0.0600792	0.00540737
0.0653519	0.0237955	0.078838	0.160407	0.0479836	-0.0238717	-0.0316475	0.0280659	0.0302032	0.0630723
0.089313	-0.0125911	0.0386891	0.0668338	0.0608064	-0.0984842	0.0363604	0.0613626	0.0463453	0.00923994
0.0697202	0.0130351	0.0522919	0.0758564	0.00992584	0.0222925	0.106089	-0.016774	0.0537831	0.0890118
0.0503984	0.0162822	0.074371	0.0117624	0.0384299	-0.0949379	0.0157341	0.0389796	-0.0247435	-0.00312135
0.0515683	0.143787	0.164522	0.0119087	0.0875287	0.0251143	-0.0844608	0.0453357	-0.10078	0.0427974
0.0766624	0.0592944	0.0549673	0.0182465	0.0201998	0.0479278	-0.123304	-0.0745896	-0.0483433	0.016904
0.0607488	0.0661629	0.134175	0.0227316	0.00771585	-0.0605727	0.0118726	0.00887596	-0.00182165	0.0737076
-0.00982192	0.0457085	0.0755131	-0.138468	0.0443339	-0.00731518	0.0991792	-0.0201301	-0.0394745	-0.000791503
-0.0796122	0.0533183	0.0514351	0.00418111	-0.0587163	0.0464197	-0.0197941	0.0640812	0.0646972	0.081496
-0.080532	-0.0257843	-0.068933	-0.0160392	-0.00261327	-0.00196191	-0.0499312	0.0111907	-0.0617886	0.0020612
-0.0182793	-0.00534615	0.0728822	-0.0657119	-0.0603247	-0.00590981	-0.010991	-0.0439439	0.064204	0.0133554
-0.0122491	-0.0516661	0.0457359	0.0461505	0.0641178	-0.0582495	-0.0708456	-0.020778	-0.0763241	0.0661193
0.0349256	-0.0359354	-0.00574648	-0.0804109	-0.00217036	0.0504072	-0.010392	-0.0147075	-0.0700253	-0.0695601
-0.0410262	-0.0343678	-0.0258857	-0.0733891	-0.0183834	0.0590556	-0.0314166	0.0445357	-0.0243817	0.0354825
0.00169991	0.0524656	-0.0196582	0.0460264	0.0268889	-0.0419007	-0.0749622	0.0606195	-0.103514	-0.02025
0.0620835	0.108064	0.0640809	0.0226688	0.0568303	0.0699871	0.0299496	-0.0871313	-0.143079	0.0877097
0.16431	0.108023	0.024921	-0.0122407	-0.0599425	0.0116728	0.0913524	-0.0949522	-0.0547702	-0.0265839
0.0956745	0.100677	0.0933368	0.0349127	0.0647705	0.0659027	0.0969948	-0.11694	-0.0421629	0.0738726
0.0756027	0.112703	0.117597	0.0153126	0.0253033	0.0964069	-0.0105255	-0.0269557	-0.0784346	0.0395323
0.0924845	0.0808281	0.0237181	0.0552109	-0.0083973	-0.0437423	-0.0288944	-0.0777643	-0.0878934	0.130019
0.0215942	0.0346897	0.158541	0.0729952	-0.0443097	0.00371171	0.0670773	0.0636996	0.0109934	0.00291871
0.116272	0.0247489	0.0251574	0.0596019	0.0267483	-0.0636006	-0.0477385	0.0151407	0.0533127	0.0150913
0.0275747	0.059286	0.0953734	0.0377605	-0.0370538	-0.0548286	-0.03607	-0.00300517	0.114582	0.00806456
0.0653175	0.0182009	0.0672691	0.0702843	-0.0399081	-0.0828242	-0.00403063	-0.0139884	0.183247	0.0663509
-0.00662391	-0.0173065	0.118326	0.0588309	0.00940676	-0.062523	0.0397138	-0.0555291	0.125439	0.127417
0.103659	0.107667	0.0990949	0.09844	0.0121298	-0.0831949	0.00397893	0.000174584	0.0432098	0.0659865
0.0662932	0.0947542	0.0444238	0.0740759	-0.0942753	-0.0736123	-0.0986122	0.0586102	0.123435	0.13119
0.10714	0.020186	-0.0385629	0.02256	-0.0645809	-0.0880258	0.00756756	0.05518	-0.0219052	0.0148392
-0.0269379	0.0161099	0.121404	0.0466827	0.018988	-0.107578	0.00654868	-0.055801	0.0739808	0.0562924
0.0966453	0.0320579	0.107528	0.021274	0.0331723	-0.128557	0.0797671	0.0415732	-0.0291858	0.132089
0.0594221	0.0396577	0.141646	0.0755237	0.0471042	-0.0737501	0.0110251	0.0322967	-0.0568676	0.0901346
0.0905443	-0.022651	0.0865628	0.102832	0.0374563	-0.0602941	0.049503	0.0694234	-0.146497	0.11662
0.00263325	-0.0531123	0.151815	0.0742482	0.00480166	0.0296573	-0.0551536	0.0149964	-0.127845	0.049441
0.0777848	0.0828462	0.168616	0.0919736	-0.0138388	0.0475635	0.0252941	-0.0404369	-0.0940324	-0.0210991
-0.00629877	0.0408502	0.112415	-0.0563239	0.03141	-0.0917664	-0.0319101	-0.0618659	-0.0427617	-0.00855763
-0.00784769	-0.0218629	0.125085	-0.00358875	-0.060022	0.00110461	0.0169529	0.014416	-0.0651525	0.0695014
0.0652739	0.0556308	0.087446	-0.108223	-0.0414811	-0.00163887	-0.0366373	0.0672033	0.0211368	0.0727274
-0.0283056	-0.0468336	0.0717211	0.0585407	0.0780099	0.00689091	0.00281918	-0.0597429	0.0612394	-0.0816158
-0.0709074	-0.0170692	-0.024296	0.0641168	0.0628092	-0.0751261	0.0312991	0.0517718	-0.073158	-0.0200975
0.0433173	-0.0276368	0.0666561	0.0162261	-0.0452248	0.0552523	-0.0112035	-0.021962	0.0343122	-0.0262242
0.0165651	0.0507496	0.0373823	-0.0497057	0.012162	0.0502938	0.0215332	-0.0232895	-0.0573948	0.02432
-0.0624358	-0.0564779	0.0726834	-0.0288232	-0.0357592	-0.0275356	-0.00681848	-0.0352327	0.0442756	0.0357781
0.0658866	0.0230689	-0.0138752	-0.0386751	0.0738614	-0.0126466	0.0636387	0.0127174	-0.0746278	0.0837472
0.0891831	0.0929048	0.0431972	-0.0105583	0.0663801	-0.0620995	-0.0154617	-0.0498026	-0.0495734	0.0619357
0.0816122	0.0194559	0.0731939	-0.0629533	0.0267652	-0.0493161	-0.00994884	0.0152815	-0.109003	0.141723
0.062561	0.10074	0.141413	0.00597657	0.0626036	0.0227053	0.0506971	-0.0162952	-0.0480095	0.0651977
0.0352748	0.0246167	0.0887913	-0.0892579	-0.0159376	-0.0241607	0.0444244	0.0314501	-0.0578438	0.0461239
-0.0381068	0.0939743	0.0473453	0.036786	0.0614502	0.0428271	0.0709653	-0.0470723	-0.102341	0.0532023
0.0383891	0.112301	0.0306194	-0.0221369	-0.00919132	-0.0413485	-0.0445409	0.0479085	-0.0252136	0.0563379
-0.0147314	0.0105502	0.0318202	-0.0296747	0.0109527	-0.0614116	-0.0683916	0.0688124	-0.0667979	-0.0394479
0.0812189	0.0955843	0.0838105	0.0757331	-0.0646551	0.0883823	0.0256815	-0.0651152	-0.112006	0.00300991
0.0136985	0.104362	0.0921409	0.153177	-0.000258445	0.0383773	-0.013639	0.005311	-0.217988	-0.00829272
0.000325074	0.0886374	0.0702166	0.137105	0.0308299	-0.0225644	0.000149815	-0.0505586	0.0351055	-0.00589764
0.0642494	-0.0544709	0.0785585	0.0381761	0.0172247	-0.0435793	-0.00698435	-0.0171202	-0.130542	0.0290183
0.0237479	0.0600166	0.0450096	0.0588264	0.0647866	0.0091338	0.0122406	-0.0379125	-0.0415591	0.0796961
0.0462856	0.021226	0.0364542	0.0460483	0.0415933	-0.0494279	-0.0555825	-0.0375788	-0.117157	0.0358059
0.0664414	0.0347122	0.0644604	-0.00559512	-0.0147328	0.000907893	-0.11356	-0.0210786	-0.120926	0.0554903
0.125374	0.0785853	0.0375151	0.0873222	-0.0860512	-0.021859	0.0584846	0.0293315	-0.10605	0.0430135
0.105687	0.043332	0.128214	0.0062753	-0.0404412	0.0426107	-0.00205876	0.0492331	-0.0562621	0.0605193
0.0325957	0.0566547	0.137286	-0.0132722	0.0603283	0.00600193	0.0344863	0.0921603	-0.0108985	0.061775
0.0410824	0.0711539	0.106995	0.027457	-0.0363561	-0.010351	0.0979454	0.00375643	-0.0284451	-0.016758
0.0967115	0.0562445	0.111319	-0.021641	-0.0275434	-0.0858821	0.0326056	-0.0819097	0.00904935	0.0314531
-0.0574307	0.091293	0.0597359	0.0404881	0.0298681	-0.0247016	0.100957	-0.0958437	-0.111036	0.0385865
0.0532728	-0.0151742	0.0352878	-0.0622978	-0.000168418	-0.126274	0.0594978	0.05703	-0.11006	-0.0321475
-0.0176777	0.0533796	-0.0222517	-0.0617629	-0.0745514	-0.0962979	0.0675751	-0.00969663	0.065741	0.0371134
-0.0681536	0.000805245	-0.0631481	0.0150727	-0.0783679	0.0439939	-0.0568382	0.00982812	-0.0645939	0.0502972
-0.0780366	0.0493486	-0.0137787	-0.0209189	-0.0140206	0.0129738	0.0606019	-0.0466695	0.0778881	-0.0336843
0.0586443	0.0518377	0.00437936	-0.0541488	0.0182477	0.00991468	-0.015602	0.0496576	0.0402813	0.0538779
0.00433379	0.0715292	0.0284763	-0.017136	0.0356201	0.00692797	-0.0301976	0.0443441	-0.00948331	-0.0297105
0.0522603	-0.0633806	0.0580408	-0.0524118	-0.0630074	-0.058246	-0.0520576	-0.0177751	-0.0084105	0.0229755
0.0186706	-0.0353769	0.0308934	-0.0625781	0.112193	0.0320658	-0.0921756	-0.0137552	0.0588963	0.0272997
0.0176528	-0.0311555	-0.0181969	0.003776	0.0279814	0.0204772	0.031508	0.00243746	-0.051265	0.156804
0.0240116	0.0257157	0.0190196	0.0275909	0.0571952	0.0197931	-0.0338446	-0.0759861	-0.0738715	0.0766827
0.139123	0.113752	-0.0455025	-0.0868104	0.0179269	0.0398544	0.0109545	-0.0585742	0.012101	0.0379699
-0.0223607	0.0767164	-0.0517362	0.00719143	-0.0191563	-0.0276745	0.0332465	-0.06067	-0.0720515	-0.0429568
0.0148562	0.0481314	0.00581247	0.0161397	-0.0958564	-0.0122024	0.0409673	0.0461054	-0.0799428	0.0252874
0.0472133	0.0529759	-0.0475079	-0.049504	-0.0464553	-0.0620993	-0.041828	-0.0274652	-0.136146	0.0917805
-0.0281108	0.055861	0.0115603	0.0487682	0.0256072	0.0479806	-0.027184	0.0696448	-0.0925912	-0.040157
0.0450433	0.205386	0.0821754	0.0250689	0.044593	0.052839	-0.0313312	0.114665	-0.152972	3.74582e-05
-0.0633486	0.0885927	0.17128	0.079252	-0.0649023	0.0848944	-0.061686	0.138381	-0.170968	-0.00799707
0.0726062	0.110409	0.17384	0.0613927	0.0107379	0.137291	0.0879547	0.0561934	-0.0460388	0.0178758
0.0383869	0.146761	0.191466	0.125397	-0.00994402	0.181052	-0.00634875	-0.0527363	0.00865487	-0.0430709
-0.0398616	0.0971293	0.128075	0.0125941	0.0563075	0.104572	-0.0607456	-0.0142223	-0.0670473	0.063798
-0.0280735	0.0367738	0.143732	0.0767604	-0.0288946	0.118699	-0.0463743	0.0208654	0.0112941	0.0209379
0.0565894	0.052893	0.115116	0.0480772	-0.0684298	0.097341	-0.0674686	0.051668	0.0153098	0.037819
-0.0307987	-0.0251811	0.126148	-0.00734399	0.0185254	0.00944865	0.0505137	0.0184322	0.0501553	-0.000218458
0.105078	-0.0437125	0.190589	0.0846933	-0.0410249	-0.0661387	0.113319	-0.0282633	0.0303132	0.0351716
0.102844	-0.0816855	0.187984	0.0370136	0.0112725	-0.156069	0.0288685	0.0241231	0.0239282	0.0275376
0.0143355	-0.039628	0.168981	-0.0220455	-0.00815031	-0.13848	0.123751	-0.10152	0.0694063	-0.132351
-0.103331	0.0566828	0.0363007	0.0808085	-0.118986	-0.0998236	0.149759	0.0195173	0.0815543	0.006317
-0.0734495	0.0978742	-0.0551865	0.0816022	0.00824199	-0.0564602	0.0468754	-0.0990433	0.0222557	-0.0253148
-0.018751	0.0312131	-0.0518045	0.0516939	-0.00327267	-0.0870269	-0.044102	0.0427646	0.0297842	-0.0283853
-0.0515449	0.0680232	0.00863768	0.0430669	0.0294597	0.0478875	-0.000719154	-0.0497356	-0.0597395	0.0536095
0.0282519	0.0627386	-0.0796124	-0.0151036	0.0335509	0.0649201	0.036924	-0.0492886	-0.00673238	-0.0698237
-0.0400744	-0.0675874	0.0312107	0.054569	-0.0387762	-0.019041	0.0720579	0.000203979	0.0403304	-0.0177584
0.0364287	-0.019192	-0.0715226	0.0626142	0.009819	0.055217	0.0706326	0.0027418	-0.0129031	-0.0324931
-0.0705581	-0.0137073	0.0103114	-0.0381591	0.0778003	-0.0712643	0.0267107	-0.0694698	0.0278018	0.0383149
-0.015484	-0.0229784	0.0410063	0.0755859	0.0505922	0.0480039	-0.0433631	0.0135017	-0.0770557	0.0377372
-0.0631376	-0.0509121	-0.0277577	-0.0024163	0.106972	0.0733873	0.047266	0.0756727	-0.0658018	-0.0158399
0.0727156	0.0476532	0.0213578	-0.021651	0.0451345	-0.0495973	-0.0466463	0.0498115	-0.0060292	0.115721
-0.0282822	-0.00928699	-0.0869885	-0.0206949	0.0291266	0.00921458	-0.0632297	-0.00906586	-0.0451217	0.0048797
0.0296336	0.0870036	-0.136052	-0.0835651	0.126705	0.0525387	0.00510213	-0.0793606	-0.108558	0.053575
0.0738487	0.0807	-0.0563847	0.0686866	0.13934	0.011749	0.109325	-0.0536627	-0.0982105	0.0228823
0.08944	-0.0156126	0.00377911	0.0614969	0.132514	0.0208058	0.0145753	-0.0788221	-0.102765	0.00339025
0.144276	0.0204837	0.120964	0.0980282	0.0889453	0.0451308	-0.000916929	-0.0200558	-0.109782	0.070224
0.0571412	0.0197914	0.0844344	0.138669	0.11128	0.0647619	0.0367429	-0.0361174	-0.111953	0.0334918
0.103286	-0.017058	0.135172	0.0181559	0.0835089	0.180478	-0.042537	-0.065385	-0.00731911	0.0349594
0.0563765	0.152113	0.166276	0.0950989	0.0151832	0.0213027	-0.0568207	-0.0154574	-0.0421945	-0.00733886
0.0530045	0.158823	0.0863182	0.0914595	0.0219318	0.0530844	-0.00289354	-0.0204668	-0.0923218	0.0164403
0.0374432	0.135481	0.141313	0.00355168	0.0768736	0.0479867	-0.0948143	-0.0393998	0.0291397	0.0536966
0.0354576	0.142451	0.165597	0.0175459	0.0512259	0.170357	-0.12176	0.0173449	-0.0463803	-0.0116476
-0.0756781	0.1598	0.183759	0.191196	0.104687	0.0666812	-0.0619377	0.0254318	0.0464064	-0.0604019
0.0744733	0.0525333	0.0374872	0.0282686	0.0339042	-0.0160973	-0.0138695	0.0875147	-0.0575501	-0.0089144
0.0490097	0.0558949	0.173637	0.142852	-0.0967437	-0.0588289	-0.0291381	-0.0116353	-0.0733666	0.0676036
-0.0438393	-0.0418336	0.0706312	0.0939379	-0.120584	-0.0440488	-0.0616495	0.0433169	-0.0117353	-0.041426
0.000149695	-0.0581737	-0.0300873	0.0837845	-0.0165033	-0.0611061	0.0976153	-0.0180075	-0.073409	-0.0870728
0.0270795	-0.0454493	0.0682201	0.0135139	-0.0550156	-0.0457809	0.144223	0.0342615	-0.0413066	-0.116659
0.0858941	-0.0499208	-0.00047741	0.113795	-0.0341583	-0.027283	0.0992113	0.0768405	-0.0566316	-0.0817528
0.0740075	0.00234449	0.0320157	0.0979736	-0.0720572	-0.0465741	0.0192533	0.0156566	0.0361609	-0.0855545
0.0662504	-0.0563192	0.0573244	-0.000576512	0.0120492	-0.0930211	-0.01629	0.00835304	0.00572352	0.0720703
-0.0772084	-0.0243067	0.105497	-0.0784766	0.0315161	0.0542802	0.0211184	0.0522862	0.0327921	-0.0863925
-0.0316566	-0.0606609	0.0359593	0.0187891	0.00224388	0.0327971	0.0736688	-0.00345094	0.0441819	-0.0398611
-0.0754303	0.0015274	0.0785464	0.0337741	-0.0231604	0.070769	-0.0207883	0.0681126	0.0667619	-0.00398397
0.025396	0.000961623	0.0389458	0.00635897	0.000606162	-0.064809	0.0250121	-0.0499041	-0.0667617	0.0779531
-0.0411618	0.0303034	0.0643078	0.0140365	0.072077	-0.00372349	0.0541058	-0.0652322	0.0517899	-0.059114
-0.0675279	0.0034173	-0.0165349	0.0450423	0.00169552	0.0489426	0.0106008	0.0170289	-0.0164386	-0.0209707
0.068444	-0.00730058	-0.02902	-0.00703769	-0.0238527	0.0313617	-0.00381077	0.0681907	-0.0635415	0.0482321
-0.0179616	-0.0248795	0.0321787	-0.0324801	0.0634286	0.0362233	0.0523218	-0.0684045	-0.0526046	0.0663949
0.0444161	0.00532191	-0.140809	-0.0340417	-0.0253057	0.105983	0.00209235	-0.0181133	-0.0834908	0.048573
0.0393151	-0.0754317	0.0055475	0.067256	0.130101	0.0531044	0.110355	-0.0389049	-0.0901229	0.0322572
0.00509014	0.0426729	-0.0280455	0.0160374	-0.000958368	0.123169	0.116589	-0.0418556	-0.0753182	0.0758188
0.0878295	0.0210517	-0.0678515	-0.003786	0.137579	0.0395684	-0.00428175	-0.0159198	-0.162422	0.0471108
0.0636914	0.0963881	-0.0886125	-0.0238531	0.0708692	0.0830625	0.0234152	-0.0513453	-0.0700273	0.0467842
0.183323	0.0588493	0.0531873	0.140383	0.11045	0.0625603	0.0765026	-0.032497	-0.0797429	0.0246709
0.125958	0.156652	-0.0134009	0.0369817	0.0752134	0.139888	-0.00659275	-0.0554711	-0.136564	0.127894
0.139881	0.0908596	-0.0424226	-0.0484081	0.101608	0.196798	-0.0447252	-0.0380375	-0.136819	0.068262
0.0888501	0.0653701	0.0333442	0.0545967	0.0538795	0.143614	-0.0472801	0.0257333	-0.192202	0.0535565
0.0160799	0.0594513	-0.0536535	0.0127537	-0.0255705	0.157803	0.0678415	0.0455778	-0.112428	0.00739861
0.0672742	0.114802	0.0841498	0.069817	-0.00797834	0.157725	0.0809605	-0.0353431	-0.0558136	-0.0293011
0.139655	0.077209	-0.0285254	0.0681011	-0.0182453	0.159864	0.0321632	0.0135638	-0.120807	0.0613571
0.0203842	0.128238	-0.0366267	0.0596745	-0.00671973	0.186061	0.0467122	-0.025045	-0.0812777	-0.00305524
-0.00099701	0.100014	-0.0510104	0.143227	0.0613188	0.0686662	0.0301218	-0.0399333	-0.169744	-0.0156877
0.0452329	0.105329	-0.140528	0.126337	0.0565522	0.164319	0.0244693	-0.0686827	-0.164857	0.0123814
-0.00217418	-0.0357386	-0.0275581	0.0852942	-0.0830605	0.0325114	0.0536539	-0.075543	-0.0811711	-0.0140073
-0.0236639	-0.0750852	-0.0576178	0.0427704	0.0465312	0.136121	0.0517308	0.0456215	-0.0242879	-0.0806042
0.0753763	-0.0844099	-0.0795626	0.130801	-0.0741262	-0.028757	0.0117321	-0.0832431	-0.062837	0.0276442
-0.050256	-0.0650173	-0.0114202	0.0686718	0.0437848	0.0602923	0.0364894	0.0413922	0.00867144	-0.0167684
-0.0440346	0.0766853	0.0374813	-0.059293	0.0620478	-0.0467976	0.00220376	0.0673368	-0.0468749	-0.00993384
0.00910767	-0.0285273	0.0240319	-0.00707723	0.0528779	-0.00634231	-0.0587382	0.0128731	0.0220238	0.00649782
0.0571135	0.0460119	-0.0758267	0.00556143	0.0499337	-0.0393747	0.0476967	0.0580621	0.0116343	0.0647407
-0.00182767	-0.013781	0.0749866	0.0787609	-0.0435188	-0.0588427	-0.0500969	0.0259256	0.0135365	-0.0749004
-0.0616679	-0.0722659	0.00110025	-0.051889	0.0472047	0.00188159	0.0346332	0.0212314	0.00291115	-0.0235819
0.00762643	0.018831	-0.0392319	0.0791688	0.0753566	-0.0363147	0.0741734	-0.0202329	-0.0698558	0.0732726
0.0124088	0.0328585	-0.0205119	-0.0595685	-0.0266899	-0.0416734	-0.0502953	-0.0803489	0.0761041	0.0368633
0.0307275	0.0121451	0.0374154	0.0575645	0.0420367	-0.0536582	0.00895119	-0.0175205	0.0706136	0.0704538
-0.0703981	-0.0249783	-0.0199532	-0.00386324	-0.000623556	-0.0502567	-0.0158077	-0.0369413	-0.0579358	0.0542638
0.0561126	0.049537	0.00877497	-0.0684943	0.0586062	-0.0611091	0.0114226	0.00499674	0.00836007	-0.00133368
0.01156	-0.0804648	-0.0355507	-0.0111598	-0.048433	0.0394692	0.0922563	0.0600167	0.0419263	-0.0325346
-0.0191225	-0.0576103	-0.0483933	-0.0530934	0.0447507	-0.0292201	0.0125398	0.0775499	-0.0626984	0.0531298
0.0770586	0.0599879	-0.098212	0.022154	0.00678193	0.013394	0.0143915	0.0576382	-0.0901321	-0.0274283
0.0647475	-0.0231625	-0.0959478	-0.0305091	-0.0372758	0.142406	0.140813	-0.0613842	-0.142988	0.10113
-0.0496539	0.0531132	-0.0348584	-0.0571856	0.0390697	0.148667	0.0929943	0.0319184	-0.148702	0.0100314
0.105204	-0.0615681	-0.0275549	0.0512814	-0.0553244	0.170591	-0.0271772	-0.044474	-0.187485	-0.00555725
-0.0264131	-0.035177	-0.0585277	-0.00356097	0.0825439	0.164756	0.0220611	-0.0674051	-0.110613	0.0552861
0.0653603	0.0230065	-0.0824375	0.0834825	0.0985225	0.136589	0.0809312	-0.0226721	-0.117721	0.0269307
0.0416209	-0.00768631	0.00182294	0.0331945	0.00923294	0.177932	0.164969	-0.0376885	-0.173054	0.0539764
0.0934934	0.0245988	-0.0914833	0.0187416	0.0586479	0.165864	0.01294	0.0547829	-0.0925972	0.00866813
0.0777929	0.100417	-0.00155128	0.0421533	0.0411431	0.0870075	0.0411822	0.0507208	-0.156099	-0.0385108
0.0614076	-0.0423328	0.0456617	-0.0145021	-0.0464369	0.04715	0.139552	-0.0246341	-0.0882269	0.0291702
0.0418736	0.0750781	-0.0755725	-0.0332229	0.0301285	0.155824	0.134169	0.00199841	-0.0706399	0.0559295
0.0600367	-0.0155232	0.0307233	-0.0149961	0.0628016	0.0326652	-0.0478645	-0.0648263	-0.0185626	0.0280447
0.0737937	-0.0629026	0.0421658	-0.0215551	-0.0653358	0.00750536	0.0740508	-0.0345763	-0.0525553	-0.0530381
0.0545518	0.0593936	0.0463552	0.0372566	0.0494431	-0.0245418	0.0908358	0.0306229	0.0329378	0.033639
0.0676326	-0.0103884	0.0627641	-0.0818138	-0.0611238	0.0533667	-0.0467123	0.0351805	0.00481357	-0.051228
0.0616388	-0.0677991	0.0812894	0.0283169	-0.01616	-0.0600628	0.050346	-0.0223106	0.0466223	0.0442791
-0.0225454	-0.00514494	0.0290648	0.00337355	-0.0171191	0.0395908	0.037545	-0.0789313	-0.0528741	-0.0412814
0.0079269	-0.0301627	0.0535753	0.00206304	0.0283257	0.0379408	0.000435248	-0.0163463	0.0548475	0.0187081
0.0666729	-0.0367226	-0.042959	-0.0279905	-0.00971999	0.0236259	-0.016202	-0.0782999	0.0482554	0.0342196
0.0634209	-0.0395166	-0.0705114	-0.0555831	0.00193099	-0.0154477	0.0235373	-0.0791449	0.0107672	-0.0426681
-0.0156495	-0.0171757	0.0741165	-0.00318832	0.0344163	0.0720771	-0.0803192	0.0623641	-0.0353142	-0.0667425
-0.078113	-0.0394525	-0.00931385	-0.0576942	0.0628144	0.0193919	-0.0242598	0.0428948	0.0436857	-0.0777299
-0.0431269	-0.0404751	-0.0451817	-0.0337944	-0.0800721	-0.0737379	0.0361704	0.0730064	0.0715174	-0.0139356
-0.0604607	0.000251377	-0.000212947	0.0349665	0.036274	-0.0601558	3.97703e-05	0.00782398	-0.0632159	-0.0430847
-0.0170895	0.0275738	-0.0313895	-0.0634017	-0.06273	-0.0248162	-0.0242122	0.00408457	-0.0238022	0.0434847
-0.0191761	-0.0500135	0.0167921	-0.0750028	0.0392173	-0.0605443	-0.0730418	0.04277	0.04168	-0.0584498
-0.0431543	-0.051808	0.0641961	0.0389578	-0.0603419	0.0179245	-0.0536886	-0.00946333	-0.0614619	0.00761511
0.0324171	-0.0641265	-0.0314762	-0.0647264	0.0580662	0.0782808	0.0438462	0.0119668	0.00830692	-0.0134754
-0.067896	0.0386642	0.0220994	-0.0255501	-0.0662449	0.0711535	0.009332	-0.0622599	-0.0756693	-0.0310169
0.0173275	-0.0476186	-0.0682282	-0.0109201	-0.0270291	0.0766316	0.0181214	0.0249792	0.0393382	-0.0429385
-0.0171001	0.0743373	0.0384473	-0.0284673	-0.0637898	-0.00365542	-0.00888565	-0.0433794	-0.0516808	0.0318171
-0.0197711	0.0589784	-0.0105275	-0.0680296	0.0727017	0.065859	-0.0351915	-0.0556969	0.0102223	-0.046863
-0.0311953	-0.0331607	-0.00296811	0.0606928	-0.00653879	0.0880945	-0.0668925	0.00687812	0.0256365	0.0642112
0.0599011	0.036096	-0.0538423	0.0547984	0.011132	0.0667471	-0.0580156	-0.0175547	-0.00753933	0.047548
0.023723	0.00708622	-0.0401912	0.00144983	-0.0555616	0.0079389	0.0939147	0.052745	-0.0175528	0.0942133
0.0634017	0.0523021	0.0562756	-0.0883311	0.0591687	0.103134	-0.0378749	-0.00719314	0.0173416	0.0118312
-0.0349782	0.0302502	0.0690698	-0.0584475	-0.0102671	0.0555268	-0.0613523	0.00931381	0.0489017	0.0227116
0.0448594	-0.0699324	-0.040216	-0.0888901	-0.0319519	0.013884	0.0523765	-0.0322101	-0.0160801	-0.0310179
-0.0324646	-0.0163787	-0.0294455	0.035646	0.0164084	0.0838789	0.0202479	-0.074496	0.0350481	0.0107818
-0.0616122	0.0178428	-0.0837	0.0484088	0.00193209	0.0312547	0.034188	-0.00981374	-0.0528109	0.0554295
-0.0299834	0.0513403	0.0173419	-0.0650465	0.0774569	0.059867	-0.0234599	-0.037803	-0.0189389	0.0205514
-0.0612733	-0.0374861	-0.0654232	0.0259604	-0.0546386	-0.0517593	-0.0703876	-0.012468	-0.028175	0.0460623
0.0130208	-0.0474956	-0.0480106	-0.0453762	0.00516202	0.0462582	0.0150078	-0.031844	-0.045829	0.0646467
-0.0116452	0.0748925	0.0598657	-0.0545211	-0.0447097	0.0322498	0.0241315	0.0289461	0.0657845	-0.0749077
-0.0425803	-0.0578454	-0.0200066	0.0457896	0.0724105	0.0308214	-0.0261466	-0.0244635	0.0372129	0.0541647
0.0293232	0.0513104	0.0253929	-0.0739396	0.038071	-0.0409029	-0.0477832	0.0491348	0.0777596	0.0123865
0.0372704	0.00472244	0.0481519	0.00770257	-0.00286302	-0.0496691	-0.0781551	0.035972	0.0804834	0.0209896
0.0769457	0.00711606	0.0322972	0.0398112	-0.0116383	0.020435	-0.0421198	0.03847	-0.00600705	0.0727247
### size: 10 ###
0.00558841	0.00937783	0.235779	0.391748	-0.0725794	0.356552	-0.139365	-0.0846346	0.0659641	0.295881

### size: 10, 10 ###
0.53321	-0.31464	-0.263021	-0.79684	0.557538	-0.479543	-0.358385	-0.379334	0.737093	0.432852
0.611959	-0.0854045	-0.154519	0.734662	-0.499051	-0.152928	0.588247	-0.0941011	0.831569	-0.40774
-0.19045	-0.544009	0.265636	0.842445	0.231078	1.04769	-0.0809034	-0.492467	-0.116683	-0.419571
-0.241761	0.3693	0.727322	0.432109	0.676254	-0.308472	0.372614	-0.222239	0.624124	0.0753189
-0.315886	-0.438571	-0.508532	-0.288958	-0.761875	0.782371	-0.0311089	0.300963	1.03909	-0.353485
-0.299818	1.32277	0.172697	-0.249179	0.539621	0.682219	0.602485	-0.373438	0.581275	-0.225923
0.14948	0.717994	0.534027	-0.0757601	-0.616314	0.478992	-0.447761	-0.16875	0.116997	-0.536018
0.357732	0.0427891	-0.146766	-0.968345	-0.514867	0.463807	-0.985944	-0.258736	-0.625299	0.0765632
-0.374401	-0.230045	-0.18115	0.605778	0.840154	0.0412335	0.157807	-0.133116	-1.04229	0.239897
0.454018	-0.0959788	-0.61378	-0.318237	0.89825	0.946186	0.186754	-0.159642	0.366867	-0.462318
### size: 10 ###
0.195332	0.400818	-0.19126	0.120914	0.215918	-0.168012	0.452696	-4.0416e-05	0.180244	-0.117992

### size: 10, 10 ###
0.269858	-0.0951262	0.133082	-0.0240189	-0.637719	-0.239545	-0.544667	0.291181	0.729545	-0.546411
-0.665584	1.16948	0.262377	0.877431	-0.0856555	-0.49966	0.0144917	-0.350374	-0.0430924	-0.176754
-0.476215	0.14749	-0.0245106	0.0160105	-0.558175	0.603131	-0.0663699	-0.167367	-0.371523	0.892429
0.657605	-0.23896	-0.177003	-0.74352	-0.848791	0.387512	0.581699	0.668484	-0.588156	0.435893
-0.951706	-0.301556	-0.332099	0.398102	0.660742	0.587005	0.15296	0.842688	-0.908521	-0.463901
1.29124	0.306329	0.963641	0.71105	0.808886	0.656503	-0.315651	0.535828	0.808898	0.362488
0.108683	0.622571	-0.378933	-0.246339	0.14908	-0.499343	0.778731	-0.00437882	-0.682219	-0.540773
0.120092	0.479059	-0.46318	-0.280174	-0.0748812	0.183872	-0.0768118	0.464596	-0.49754	0.0728428
-0.11725	-0.0833669	-0.218905	-0.994796	0.764283	0.148896	0.733365	-0.84028	0.890561	0.387168
-0.460227	-0.40909	0.155945	-0.225528	-0.427918	0.346667	-0.140096	-0.33852	0.0229432	0.108652
### size: 10 ###
-0.0547584	-0.0591702	-0.294189	0.226341	-0.140124	-0.198426	0.0811259	0.272292	0.148226	-0.0612834

### size: 10, 10 ###
0.181222	-0.202844	1.08973	-0.0241382	-0.741867	-0.17026	-0.155136	0.568999	0.278296	-0.824013
-0.297416	-0.375901	-0.0748156	-0.0133177	0.28722	-0.289277	-0.874715	0.896964	0.290746	0.450515
0.140068	0.0676046	0.162797	-0.0358513	-0.0358158	-0.916255	-0.102311	0.21002	0.253821	0.255916
0.155388	0.123183	-0.0475205	-0.603964	1.03126	-0.767403	-0.0212591	0.186028	-0.447346	0.391623
-0.755213	0.66943	-0.425992	0.561669	-0.654692	0.793859	-0.545636	-0.00542873	0.267765	0.0942429
-0.0869279	0.0443969	-0.402413	0.0283077	0.511185	0.173636	0.665765	-1.07815	0.164686	-0.0204841
0.987087	-0.868024	0.0762848	-0.192088	-0.23455	0.335031	-0.150537	0.141199	0.0510565	-0.145467
-0.0595286	0.215149	0.299381	-0.547547	0.105935	0.0171876	0.791407	-0.0630864	0.0823134	-0.841217
-0.37282	0.59496	0.4276	0.738944	-0.775142	-0.169911	-0.67206	0.422102	-0.327203	0.133515
0.222074	-0.398783	0.0892731	0.187843	0.124761	-0.304253	0.162747	-0.734622	0.0708741	0.580082
### size: 10 ###
0.0737667	0.0756289	0.159519	-0.457896	0.552158	0.465782	0.42273	0.0667691	-1.30737	-0.051101
