model: 10-10-10-10
### size: 784, 10 ###
0.0663165	0.0287591	0.0720488	-0.040358	-0.0200286	0.0345747	0.0715585	-0.026478	-0.0523852	-0.0167236
-0.0258709	-0.0192571	0.0302226	0.0576769	0.00491697	-0.0364261	0.0247679	0.00889772	0.00613451	0.0567273
0.0494135	-0.0279651	0.0189043	0.0259794	0.0677973	0.0567443	0.0637651	0.0204997	0.0165284	-0.0392505
-0.00201281	0.0442843	0.0496222	0.00499904	0.0371638	-4.65772e-05	0.050491	0.0172552	0.0521216	-0.0386795
-0.0140994	0.0179265	-0.0514557	-0.0543693	-0.0119898	0.00820148	0.0636234	-0.0130787	0.0341235	0.0714141
0.0600667	-0.0717749	0.0679259	0.0560863	0.0287558	-0.0580111	0.0105849	0.0461335	0.00877736	-0.0215096
0.00626995	0.0547152	-0.0556301	-0.0675318	0.0652788	-0.0304528	-0.00836761	-0.0347381	0.0139677	0.0223834
-0.0323264	0.0516001	0.0560387	-0.0309868	0.0230004	0.0680394	0.0427906	-0.0462057	0.0410309	0.0677547
-0.0197703	-0.0594223	-0.022509	0.0102494	-0.0482162	0.0189695	-0.0626403	0.0595297	-0.0593098	-0.04333
-0.00404218	-0.00850309	0.0382777	-0.0702372	0.0260401	-0.0323402	0.01499	0.00662834	-0.041836	-0.0524476
0.0388051	-0.00366391	0.0027551	0.0640138	0.0206841	-0.00890067	-0.00522003	-0.0362033	-0.035063	-0.0687651
0.062347	-0.0155335	0.0213739	-0.0206464	-0.0561629	-0.00741718	-0.00447915	-0.0636846	0.045636	-0.0303671
0.0219488	-0.0499149	0.00560146	0.0266353	0.030293	0.0343999	0.00924854	-0.017227	0.039303	-0.0650633
0.0597847	-0.00902286	0.0233361	0.0468579	-0.0470092	0.00621677	0.00221767	0.0605922	0.0506472	0.0228207
0.0273085	-0.0307602	0.0583611	-0.064418	-0.0111614	0.0413425	0.0614124	-0.0493812	0.00866865	-0.00638347
0.0358855	0.0488985	-0.065501	0.000799782	0.0128118	-0.0631748	-0.0684911	0.0133515	0.0345177	-0.0706497
0.0695244	-0.065472	0.00963036	-0.0577344	-0.0215704	-0.0152133	-0.0162474	-0.0140274	0.0619792	0.0637245
-0.0460933	0.03323	0.0259712	0.0553396	0.0116576	0.0286545	-0.0358479	0.0451021	0.00906765	-0.027348
-0.01807	0.0463912	0.0584348	0.0602925	-0.0390024	-0.0504899	0.0381504	-0.0245111	0.0608167	-0.0144485
-0.0464158	-0.0579359	-0.0542403	0.0185468	-0.0035093	0.0291595	-0.0573357	-0.0587208	0.0324356	-0.0185753
-0.0307897	0.0546917	-0.0670826	-0.0694528	-0.0262751	-0.0179984	0.071624	0.0454112	0.0203975	-0.0499336
0.0335922	-0.0306465	-0.0188601	-0.0696645	0.0508809	-0.0274611	0.00907038	-0.0589762	0.0421805	-0.0678489
-0.0640251	0.0317611	-0.0675701	-0.00250814	0.030492	-0.00281007	0.0433901	0.00704719	0.0148373	0.037377
-0.0704069	0.061814	0.0170818	0.0433776	-0.0703508	0.00913536	-0.0424128	-0.0330516	-0.0171369	0.0719451
0.0706493	0.0380298	-0.0617206	0.0683258	0.0699895	-0.0374503	0.000146545	0.0282096	-0.0338416	0.0670878
0.0574575	0.00367395	0.00108405	-0.00884567	-0.0706221	0.0507581	0.026121	0.065623	-0.0365525	-0.0520862
0.0255708	0.0195333	0.016366	0.0612254	-0.0634522	0.0319657	0.0682831	-0.062728	0.0135439	-0.0492529
0.0713023	0.0520596	-0.0194594	0.0713581	-0.0254313	-0.0114947	-0.0651153	-0.0191186	-0.0481097	-0.0489992
-0.0178408	-0.0394501	-0.0299063	-0.0117309	0.0440876	-0.0704884	-0.0504998	0.0689468	-0.0661788	-0.0720363
0.0531044	-0.0567024	0.0555071	0.0220079	-0.0474793	-0.0697372	-0.0512838	-0.0474795	0.0566439	-0.0432352
-0.00473295	-0.0497443	-0.044522	-0.0211753	-0.0536196	-0.0140191	0.0505667	-0.0319071	-0.0108241	0.0320589
0.0225291	-0.0260485	-0.0585629	-0.0673046	0.0131616	-0.0506821	-0.0329701	0.0695507	0.0473607	0.070501
0.0710743	0.0090588	-0.0430993	-0.0106149	-0.0232516	0.0590491	-0.0131824	-0.0710461	0.00685711	-0.0551057
0.0288904	-0.0711205	0.0170994	-0.00602307	-0.0474485	0.0258214	-0.0614025	-0.0162265	-0.0322566	-0.0332047
0.063311	0.0401511	0.0468221	-0.0496528	-0.0683701	-0.0144297	0.0415724	0.00794754	0.0476196	-0.0163882
-0.0187078	0.0277007	-0.0513868	0.0394498	0.0695268	-0.0648121	0.011199	-0.00629025	-0.0150498	0.0386305
0.0164036	0.0639658	0.0154521	0.0380881	0.0316366	-0.0651758	-0.0733467	-0.00652792	-0.0312138	-0.0337326
-0.0290231	-0.0263174	0.0326516	-0.0650441	0.0293749	0.0621113	-0.0296475	0.0275914	-0.0153504	0.0671209
-0.0394038	-0.047831	-0.00103816	0.0455338	-0.00642254	0.000653267	0.00253023	-0.0120648	0.0537806	-0.0334725
-0.0310612	-0.0199614	0.0519787	0.0845169	0.0241766	0.0593206	-5.06891e-06	-0.0130892	0.00321913	-0.0734885
0.0444628	-0.0681624	0.0400712	0.0538915	0.0358953	-0.0430363	-0.0844946	-0.0141345	0.00512838	0.0486538
-0.043476	-0.0527152	-0.0236711	0.0353958	0.0545461	-0.0579485	-0.0812821	0.00154232	-0.00374456	-0.0456662
-0.00926794	-0.0484869	-0.00528928	-0.0624051	-0.0366939	0.00291099	0.0404662	-0.0602122	0.0698134	0.0678464
0.0672934	0.021791	0.0191634	-0.0599703	0.0117997	0.0258033	-0.0674224	-0.0518163	-0.0460047	0.0249526
0.0176744	0.0128719	-0.00321755	-0.042665	0.0780391	-0.0414495	-0.100699	0.0761927	-0.0196421	0.00908638
-0.000663524	0.0517957	-0.00178401	0.0772886	0.0662234	0.0233036	-0.0467218	-0.00992165	0.0423277	0.0386964
-0.0703953	-0.0207511	0.00300367	0.0367774	0.049609	-0.00459206	-0.0165147	-0.0187637	-0.00239108	-0.0319435
-0.0513232	0.00173519	0.060781	0.00624802	-0.0794819	-0.0467191	-0.04208	-0.0567804	-0.0246917	0.00702594
-0.00194593	0.0480591	-0.00742668	-0.0210519	-0.0434717	0.0283988	-0.0464497	0.0241308	0.0627639	-0.0712232
-0.0680108	-0.0705443	0.062059	-0.0612649	-0.00133128	-0.0560871	-0.0329082	0.0264679	0.0120897	-0.0351042
0.0264444	0.0566912	0.00461963	0.0617121	-0.0295242	-0.0556981	-0.0268479	0.0396856	0.0708109	0.0193009
0.0700208	-0.0427181	-0.011668	0.0350234	-0.053795	-0.0250745	-0.0250258	0.0407276	-0.0400807	0.063646
0.0454158	-0.0199187	0.0536283	-0.0417171	0.0151694	0.0195295	0.0601055	-0.0505296	-0.0112378	0.0282158
-0.0250752	-0.0676384	0.0233762	-0.0621059	-0.0407669	0.012687	-0.0578129	0.051676	0.0393376	-0.00285471
-0.0626084	0.011691	-0.0420538	-0.0118818	0.0632492	-0.040336	-0.0690112	-0.0711974	0.0250669	0.0365564
0.0112854	-0.0268218	0.0669205	0.0574169	0.0341306	0.0244524	0.0136077	-0.0168123	0.00290607	0.048852
-0.0556693	-0.0179822	0.00951219	-0.0203515	-0.000431851	-0.00984346	0.00323595	0.063567	-0.00805092	0.0612725
-0.0337236	-0.0425216	-0.0121839	-0.0479943	0.0333238	-0.0298192	-0.0222438	0.0706205	-0.00621288	-0.0485341
0.0381708	0.0567019	-0.0252593	0.0164875	-0.0257241	-0.0300092	-0.00521729	0.0578459	0.0538937	-0.0241539
-0.0357323	0.00771273	0.070789	-0.0175984	0.0119765	0.034195	0.0398306	0.0546606	-0.0242266	-0.0144111
0.0278585	-0.0205298	-0.0619177	-0.0339047	-0.00143396	-0.0106592	-0.0448318	-0.0165867	0.0332212	0.0663306
0.0326752	-0.0420152	-0.040734	-0.008275	-0.0269557	-0.0617138	0.00762849	-0.0648178	0.0229671	-0.071922
0.019334	0.0465984	-0.00130116	-0.0040161	0.045331	-0.0465041	-0.00139703	0.0371546	-0.0509833	0.0403623
0.0492906	-0.020323	0.0157855	0.0438328	0.0183827	-0.0702295	0.0173434	-0.0184811	0.100056	0.036828
-0.00116898	0.0551988	0.0758199	0.00494563	0.0361308	0.0095757	-0.0679294	-0.058344	0.0508725	0.000740682
-0.00741184	-0.0331559	0.00792141	0.0660383	-0.0282232	-0.0960184	-0.0739271	0.00924692	0.163299	-0.0209419
0.0676375	0.0754846	0.0605175	0.0764897	0.0183447	-0.0404539	-0.107745	-0.00236218	0.156365	-0.00308711
-0.0622429	-0.037893	0.0866587	0.0797181	0.0531678	-0.0515779	-0.121266	-0.127917	0.0842963	0.0629356
0.0541792	0.0359435	0.0766856	0.0571487	0.0146889	-0.0641377	-0.0846368	-0.059305	0.0998793	0.0125096
0.0229103	0.0771528	-0.00986084	-0.0456317	-0.0217925	-0.0331821	-0.0430959	-0.0942969	0.158722	0.0167831
0.0617586	0.109142	0.0049704	0.0888066	-0.0119771	-0.0466811	-0.0294817	-0.0410961	0.152857	0.0964483
-0.0728734	0.0855915	-0.00766198	-0.0388797	-0.0675386	0.110309	-0.0765257	-0.0360331	0.156838	-0.011214
0.0515546	0.117104	0.018179	0.00340801	-0.0074158	0.111001	-0.130133	0.0135419	0.0919933	0.0925214
0.0214888	0.0490098	0.0368561	0.127591	-0.0361717	-0.00802648	-0.0708358	-0.0637355	0.0855748	0.0975371
0.035617	-0.0538549	-0.0618545	0.110082	0.0313525	-0.00238687	-0.0837886	-0.0489515	0.113025	0.0196804
-0.0359716	0.0452461	0.00798113	0.106977	-0.0539216	-0.0518499	-0.0705825	-0.135003	-0.00719372	-0.0367283
-0.0260739	-0.00763542	0.0477007	0.106111	0.0263027	0.00452584	-0.0934559	-0.012459	0.00536949	0.0322397
-0.0214487	0.0666487	0.0537104	0.0265294	0.00852887	-0.0323245	-0.0714147	0.0135363	0.0280604	-0.0157464
0.0128626	0.00525208	0.0704421	0.0527546	-0.0285026	-0.0530996	-0.0522127	0.0576256	-0.0207376	-0.0383767
0.0293298	-0.0301988	0.0613511	0.0365542	0.0621383	0.0681237	0.00130185	0.0243075	0.0515512	-0.0257528
0.0688733	-0.0713868	0.0215101	-0.087292	0.0618453	0.038655	0.0489421	0.0341113	0.0447461	0.104042
0.0549354	-0.0480212	-0.0263299	0.00658853	-0.000882866	-0.00257932	-0.0106443	-0.0129474	0.0258339	0.00210534
-0.0231493	0.0440927	0.0405011	-0.000816652	-0.00172677	0.0423978	0.0220069	0.0579896	0.00832283	0.0110289
-0.0711526	0.0501791	0.0684506	0.00502596	-0.0716933	0.0199644	0.0576593	0.0423488	-0.0383158	-0.0260359
0.0537664	-0.0361041	-0.0198092	-0.0297174	-0.0430202	-0.010132	0.0232458	0.0408404	-0.056808	0.0625148
-0.0391073	0.0368008	-0.0257528	-0.0405872	-0.0629334	0.0376978	-0.0543586	0.0239093	-0.0695296	0.0358482
0.0168279	0.0589276	-0.0100932	0.0593829	0.0382729	0.0345728	-0.0244108	0.028799	-0.0357998	0.0655193
0.0567141	-0.0574229	-0.00868621	-0.0276969	-0.0630759	0.0701082	-0.0193024	0.0498148	0.0131535	0.0541268
0.0349023	0.0243758	-0.0548815	0.0575773	-0.0189315	-0.0608888	-0.0499871	0.0604336	0.0425635	0.0436103
-0.0256606	0.0703228	0.0348475	-0.0471975	0.0279448	-0.0357112	0.0451486	0.00656048	-0.0413577	-0.0457156
0.0113793	0.0547227	-0.00481248	-0.0480086	0.0340835	0.0450298	-0.0839725	-0.0508458	0.0689035	0.0460769
0.0480359	0.0256606	0.120876	-0.0155435	-0.023971	-0.057516	-0.0407996	-0.00999168	0.120873	0.0624441
-0.0366482	0.0139195	0.11738	0.0808366	-0.0141467	0.000298764	-0.212304	-0.0856888	0.026064	-0.0364514
-0.0622933	0.0378997	0.183732	0.145901	0.0237194	-0.134101	-0.165936	-0.149324	0.143875	0.0527652
0.0326737	0.0446868	0.145656	0.0898197	0.0705684	-0.0840399	-0.199197	-0.00391073	0.110468	-0.0124518
0.0307625	0.071016	0.0586495	0.165196	0.193907	-0.0531295	-0.252871	-0.100978	0.135013	0.0627654
-0.0255684	0.017302	0.0340356	0.0817115	0.171229	-0.0868479	-0.232627	-0.0287706	0.0527819	0.10133
0.0278138	0.0178535	0.0104957	0.0234261	0.230077	-0.0550889	-0.405822	0.027919	0.0529854	0.0316162
0.016409	-0.0611379	-0.0546267	0.0732683	0.155533	-0.0193637	-0.264423	-0.157376	-0.036577	0.0435925
-0.00115353	-0.0394674	-0.131845	-0.0202852	0.0195441	-0.064469	-0.337724	-0.131023	0.110595	-0.0439731
0.0780331	0.0197662	-0.0559719	-0.0782174	0.0961125	-0.0653598	-0.177896	0.0205275	0.115518	0.132994
0.118511	0.0137734	-0.023453	0.000623713	-0.106293	-0.107954	-0.0982644	-0.0426709	0.0126438	0.103063
0.116003	0.0166085	-0.0278381	-0.105827	-0.067994	0.0178048	-0.112835	-0.0910005	0.142296	0.0969963
0.0371735	-0.0741009	-0.0249223	0.0671082	-0.0666622	-0.06182	-0.0187785	-0.105153	0.00318205	-0.0676082
0.0549905	-0.0622386	0.0752561	0.0724284	-0.0480713	-0.0462349	0.0772371	0.0438033	-0.0568433	-0.0367611
0.0579428	-0.0794979	0.0875041	0.0740854	0.0106675	0.0501992	0.0443801	-0.0867425	0.0763389	-0.0125427
0.0319383	0.0517221	0.0732696	0.105883	-0.0420185	0.0371688	0.0112331	-0.0510589	-0.00852316	-0.0702303
0.0630629	0.000845901	-0.0997693	0.0336411	-0.128013	0.0282058	-0.0666358	-0.0634615	0.103171	-0.144979
-0.0567775	0.000842038	-0.0134114	0.014893	-0.0336671	0.0489038	-0.00183496	0.00507595	0.0707826	-0.00446316
0.0539849	-0.0392524	-0.0105929	-0.00423461	0.0256341	-0.0205178	0.0354743	-0.016774	-0.0617388	0.0913129
0.0210886	-0.0224912	-0.0469447	0.0121213	-0.0417374	0.0271679	0.0586183	0.0633498	-0.0295549	-0.0743434
-0.0568615	-0.00573782	0.0163684	0.0400302	-0.0211562	-0.0134288	-0.0510274	0.0430411	0.0649759	0.0700953
-0.0708386	-0.00246059	0.0200616	-0.0383451	-0.0504067	-0.0481744	0.0317173	0.0365344	0.0252719	-0.0272649
-0.0378742	-0.0708145	-0.00639568	0.0173127	0.0218406	0.00761694	-0.00829522	-0.0240305	-0.053632	0.0614573
0.0490819	-0.0516918	0.0502589	-0.0223276	0.0459783	-0.0190973	0.00209939	-0.0229565	0.0499642	0.00391201
-0.0438966	-0.059848	0.0463779	-0.0217743	0.0421131	0.0382945	0.0279823	-0.0132159	0.00113727	0.000950056
-0.0136613	-0.0190459	0.0612635	0.0325401	0.0237944	0.0661298	-0.0780051	-0.022271	0.0351253	0.0302492
-0.0962861	0.00563425	0.0775218	-0.0242279	0.0592592	0.0803922	-0.0846913	0.0022506	-0.00396366	0.0528831
-0.0393242	-0.00631515	0.107164	0.0219981	0.0790543	-0.00438992	-0.0435361	0.0633275	0.0596921	0.0444542
-0.0202103	0.0200042	0.0572547	0.024615	0.0880212	0.0763506	-0.0654592	-0.0065566	0.00116406	0.0886335
-0.00457739	-0.0599817	0.123472	0.0337017	0.182226	0.0209404	-0.0751404	0.0478176	-0.029447	0.090167
0.0635074	0.00726079	0.0795156	0.158992	0.209612	0.0390926	-0.219576	-0.0151857	0.0433879	0.16861
0.147068	0.0320917	0.158148	0.127619	0.198865	-0.0393164	-0.302052	-0.0393232	0.0174069	0.149057
0.123838	-0.00434299	0.0442819	0.158311	0.210276	0.078464	-0.160626	0.0454602	0.00617116	0.24213
0.0543792	-0.009595	-0.038088	0.0850239	0.185058	0.0497861	-0.233558	-0.006139	0.175351	0.179894
0.00490899	0.0551714	-0.0822931	0.0405967	0.0854672	-0.00444357	-0.261409	0.0271778	0.0482051	0.0376015
0.0992293	0.182813	-0.0152941	0.00394569	0.10167	-0.00136164	-0.3601	0.018934	0.0699129	0.0994336
0.083215	0.0891338	-0.131699	0.0324386	0.0877226	0.0413454	-0.23603	-0.129811	0.0321332	0.124154
0.0882489	0.13529	-0.0289366	0.0388506	0.0636317	0.0902934	-0.254814	-0.137371	0.173779	0.215479
0.050753	0.108832	-0.0271788	0.165047	0.0408435	0.0199809	-0.190127	-0.117106	0.0618718	0.0830711
0.087071	0.0876625	0.0824542	0.0805611	0.205298	0.0738595	-0.131254	-0.166902	-0.0333138	0.144637
-0.0270817	-0.0183059	-0.0270496	0.0114064	0.0235763	-9.76582e-05	-0.126562	-0.0713215	0.131196	-0.140822
0.0635383	0.111618	-0.00877277	-0.0683552	0.0545838	0.0209476	-0.0236287	-0.210327	0.0881641	0.020884
0.0883966	-0.0572015	0.135821	-0.0552836	-0.0128883	0.0874394	0.066536	-0.192561	-0.0557939	-0.0630583
0.120884	0.0609669	0.0812242	-0.0160173	-0.0595291	-0.0536672	0.0278582	-0.169468	-0.0128866	-0.194768
-0.0661956	-0.119599	-0.0239462	0.012888	-0.202412	-0.0962269	-0.00413266	-0.0987052	-0.037863	-0.17218
-0.00305585	-0.0756766	-0.0707603	-0.0155176	-0.00767992	0.0248984	0.10381	-0.0156927	-0.0979271	-0.168748
0.0110301	-0.00261366	0.0229822	0.0440771	-0.00511066	0.0255134	-0.056428	0.0296166	0.00302694	0.0543132
0.0176184	-0.00804582	-0.057079	0.0488823	0.0604561	-0.00990745	-0.0453244	0.00436881	0.0313134	0.00370391
-0.0421886	0.0510196	-0.0372255	0.0573369	-0.0653051	-0.0681689	-0.0503243	0.0275601	0.0175672	-0.038304
0.041682	0.0137221	0.0285648	0.0103723	-0.0179055	-0.0401929	0.0606142	0.0203759	0.0104512	-0.0129066
-0.0123821	0.0554505	-0.0512445	-0.00311778	-0.003167	0.0518784	-0.0688404	-0.0455299	0.0370881	-0.0411081
0.00600144	-0.0365381	0.0573768	0.0112354	-0.0646968	0.0237465	0.0471154	-0.00406081	0.0638634	-0.0311887
-0.000429773	-0.00691605	-0.0492926	0.0181687	-0.0424323	0.0270701	-0.0180405	-0.0210637	-0.0142336	0.0192014
-0.0924343	0.0191777	-0.0364497	0.00522421	0.171647	0.0865151	-0.0360265	0.0152482	0.0718713	-0.0187655
-0.0794182	-0.032151	-0.096968	-0.069549	0.195422	0.0274798	0.0140248	0.155921	-0.071831	0.023338
-0.139046	-0.0329136	0.0133534	-0.0517703	0.0873514	0.187378	-0.0747462	0.03527	-0.0733337	0.0226939
-0.0784283	0.00488828	-0.0376755	0.108958	0.149803	-0.0300138	-0.0744215	0.110774	0.100401	0.0968292
-0.112802	-0.0515596	-0.0148212	0.041987	0.140553	-0.0493529	0.0034163	-0.00630183	-0.0189218	0.0249461
0.0144726	-0.0136786	0.0599243	0.14957	0.206588	0.178621	0.05553	0.0111233	0.0921543	0.0497346
0.0316535	0.023572	0.167924	0.134346	0.208155	-0.0349941	-0.0576061	-0.0495355	-0.00875076	0.151967
-0.0247915	-0.0919105	-0.0430292	0.224412	0.0440627	0.115661	-0.0365466	0.0311837	-0.0568228	0.226281
-0.006473	-0.104789	0.0332899	0.146398	0.116372	0.162537	0.0377116	0.0140904	0.0932197	0.178994
-0.0042244	-0.002389	0.0216842	-0.0216067	0.0661587	0.14278	-0.0230448	0.047327	-0.06865	0.286004
-0.0422948	0.0724255	-0.119575	0.0969393	0.030808	0.00790318	-0.180084	-0.039599	0.0268008	0.150744
-0.0881853	0.0506521	-0.0257585	-0.0618878	0.0334885	0.0672305	-0.158147	0.0845602	0.035202	0.0330159
0.131342	0.0536225	0.15644	0.00828404	0.0514102	-0.0232048	-0.157845	0.00329464	-0.0636254	0.0613132
0.0928581	0.0438982	-0.0502851	0.0299043	0.0933076	0.0576595	-0.0314374	-0.182556	0.0303972	0.0018262
0.0660417	0.00718186	0.11993	0.0136077	0.00779162	-0.037565	-0.159146	-0.124559	-0.108681	0.0499014
0.0573939	-0.0471701	0.0204065	-0.0484171	-0.063159	0.0601371	-0.209387	-0.107277	0.120625	0.0472859
0.153592	-0.0429865	-0.011797	-0.0454409	-0.0339513	0.108334	-0.0691859	-0.191178	0.0298428	0.0954174
0.0652929	0.141475	-0.0850994	-0.0667789	-0.0245782	-0.0458378	-0.0468768	-0.151762	0.0950402	0.0904984
0.105304	0.0812358	-0.0544984	-0.123649	0.0230535	0.0830607	-0.0393294	-0.244069	-0.0381759	-0.0710051
0.14149	0.0421314	-0.0585516	-0.1322	-0.145168	-0.0804005	0.0252145	-0.171191	-0.000829953	-0.117997
0.114601	-0.0261014	-0.0405568	0.0810031	0.0376721	0.0698469	0.135363	0.0712442	-0.05529	-0.0397492
0.0888698	0.00214539	-0.0093773	-0.00649086	-0.0423009	0.00200773	-0.047063	0.0728641	-0.00816203	0.0305638
0.0539427	-0.107776	0.0241483	-0.0262651	-0.0389432	-0.0165085	-0.0740303	0.0369577	0.0911544	0.0308172
0.067	-0.0116404	-0.0150117	0.048023	0.0712279	0.0110185	0.0518585	-0.00740802	-0.0119838	0.023436
-0.0317289	0.0162393	-0.0508942	0.0217198	0.068425	0.0149731	-0.00254258	-0.019876	0.0614295	-0.00562225
0.0650926	-0.0567578	0.0123879	0.0686243	-0.0213102	0.050901	0.0669548	-0.053447	-0.0596413	-0.0616328
-0.0234439	-0.0110442	-0.0626422	0.0189498	0.0740934	-0.00370769	-0.0120966	0.0112384	0.0159159	0.0513018
0.0341818	-0.0162726	-0.0396751	-0.0034852	0.0162085	0.0852727	0.00509086	0.0362705	-0.050025	-0.0137961
-0.038188	-0.0962991	0.0771219	-0.0192859	0.0693171	0.0373885	-0.00306135	0.111901	0.0308658	0.0692307
0.020915	-0.0405866	-0.0455991	0.117256	0.153178	0.0757046	0.0751137	0.0172037	-0.14749	0.0154494
-0.122865	-0.030598	-0.0489375	-0.10441	0.214412	0.0127865	0.0451606	0.0961227	-0.0236934	0.00891449
-0.0549481	-0.0519624	0.0317219	0.088862	0.17494	-0.0739842	0.0577778	-0.0579405	-0.0226766	-0.120078
-0.0788677	-0.0787495	-0.0820873	0.130151	0.14322	0.0656382	0.0284396	-0.0988634	-0.0954025	0.00401731
-0.0422712	0.0175723	0.0484818	-0.0669628	0.126348	0.0415201	0.0527832	-0.0425479	-0.117126	0.109634
0.0971882	-0.0224122	-0.152263	-0.00630128	-0.0703837	-0.0456207	-0.00561571	0.0229227	-0.0224033	0.122866
0.0577279	-0.142573	0.0723773	-0.0398385	0.157738	0.107176	0.0889181	-0.041885	0.0182155	0.104532
0.032041	-0.103572	-0.0310353	0.00733638	0.0425209	-0.0338195	0.0599475	-0.119842	0.0502899	0.202349
0.00205411	0.0601535	-0.113416	0.0322568	0.0915183	0.028758	-0.0374591	-0.107952	0.0685384	0.194859
0.239627	0.177788	-0.202891	-0.0023098	-0.0160877	0.0126209	0.105841	-0.121113	0.0131267	0.274949
0.0508535	0.0720823	0.0137189	-0.00389565	0.0938612	0.0323294	0.0907418	-0.147496	0.090641	0.127166
-0.0484343	-0.0480155	0.149955	0.0189983	0.0389471	0.116389	0.0814302	-0.122797	-0.115809	0.269148
0.0642398	0.010163	-0.0355365	0.0603041	-0.100545	0.133881	0.113849	-0.184371	0.0894259	0.223256
0.0599684	0.12329	-0.0132935	-0.0739121	-0.037421	0.0131828	0.0369155	0.0784702	-0.0893256	0.242126
0.0536645	0.0240246	-0.0697542	0.177095	-0.155021	0.079415	0.0559207	-0.0433714	0.0882583	0.0469112
0.0633114	-0.00927278	-0.0381699	-0.0620077	0.0175107	0.0517409	-0.00430376	0.0688878	0.10324	0.164636
0.180485	-0.113934	-0.0562421	0.0585541	-0.0792633	-0.0301963	0.107136	0.0797745	-0.0601306	0.0941939
0.0890139	0.0784252	-0.111373	0.0532758	0.0252708	0.0702071	-0.0777914	-0.259936	-0.020991	-0.071305
0.170481	0.0109816	-0.108108	0.0220014	-0.109122	0.0529187	-0.0602186	-0.085315	0.0504057	-0.144686
0.168154	0.0709814	-0.0940309	0.0521153	-0.0552704	0.263474	0.051515	0.0239946	-0.0423527	0.00444759
0.142069	0.0315324	-0.0257885	0.0144206	0.0266541	0.200584	-0.0267189	0.0570273	0.00469852	0.0178402
-0.0415968	0.0401813	0.0147466	-0.00820585	-0.0477951	0.0469531	0.0121622	-0.0375608	0.0314142	0.0118568
-0.0483581	0.0176985	0.00128033	0.0648535	-0.0133849	0.00666617	-0.0190735	-0.00487443	0.0226029	-0.0868665
-0.00981432	0.0641965	-0.0262386	-0.0581207	0.0160392	-0.0593974	0.0508926	-0.0168746	-0.0712117	0.00754686
-0.00165313	-0.0280683	-0.0170812	0.0344907	-0.0424777	0.00150933	0.00301691	-0.0014764	-0.0124669	-0.0253151
-0.0728955	-0.031378	0.0185819	-0.0305057	-0.00272694	-0.0330876	0.0149804	-0.0629715	-0.0882709	0.0144791
-0.0606575	-0.0390485	-0.0371306	-0.0147984	0.10564	0.0830486	0.148105	-0.0213703	-0.0688283	0.0410198
-0.0776579	-0.0857951	-0.0662379	-0.0120531	0.118113	0.0323956	0.114176	0.0866731	-0.0171915	0.0499116
0.0690063	-0.199311	-0.0229964	0.0682079	0.124508	0.0475334	-0.136717	-0.0842131	-0.074936	-0.0473891
-0.0370893	-0.232224	0.0035449	-0.0594687	0.102459	0.0806925	0.0378445	0.0178365	-0.165247	0.0733834
-0.0856843	-0.0369444	-0.015625	0.0378777	0.147912	-0.0549743	0.0730929	0.134293	-0.215835	-0.0759548
-0.0033776	-0.126214	3.26844e-05	0.00984276	0.13472	-0.0357572	-0.0610945	0.0818888	0.00750347	0.100881
0.0622349	0.0811158	0.0460615	0.0286332	0.0518948	0.00606196	0.0485506	-0.00675384	-0.01466	-0.0914103
0.0879203	0.0337957	-0.0314214	0.0531386	0.228135	0.024753	-0.0086997	-0.0639929	-0.0489603	0.109821
-0.00411313	0.0267642	0.176996	0.0208017	0.22456	0.0598746	0.0300775	-0.134291	-0.150981	-0.040039
0.107743	0.0303583	-0.0198136	-0.0503161	0.129498	0.173952	0.0373262	-0.144492	-0.14005	0.153535
-0.040476	0.0826345	-0.173374	-0.0378475	0.0772044	0.13544	0.103155	-0.147998	-0.0138691	0.257305
0.173455	0.195138	-0.136217	-0.0446374	0.0600061	0.0254987	-0.105628	-0.297776	-0.0858579	0.237273
0.0784896	-0.0456935	-0.20354	-0.00214639	-0.0277653	0.0655198	0.0354433	-0.290688	0.143129	0.338718
0.0166663	0.0580531	-0.0397757	-0.0969734	-0.0576993	0.0474252	-0.060449	-0.0932151	-0.0342801	0.23217
0.0951113	0.114681	-0.0539005	0.0725323	-0.0588832	0.0132346	0.0992072	-0.190926	-0.0623546	0.14552
0.186889	0.116618	-0.12381	0.182876	-0.0987379	-0.0240781	0.0643509	-0.123735	0.0728	0.191108
0.0839125	0.0511712	-0.0865386	0.0362935	0.0147493	0.080022	0.0688643	-0.0544951	-0.0141839	0.1176
0.0623748	-0.0285258	-0.0766997	-0.102462	-0.0578776	0.0657367	0.121608	0.00557741	-0.0427089	0.0613196
0.0156433	0.0238697	-0.209802	0.0323529	-0.116108	-0.134709	0.0458533	-0.0894163	0.0936925	0.059513
-0.0360833	0.022268	-0.147499	-0.00441477	0.0528584	0.104156	-0.0653788	-0.101272	0.0113968	0.0722114
0.134381	0.0347726	-0.212011	0.0694138	-0.109837	0.0531226	0.00459398	-0.0484608	0.155394	-0.0559927
0.137049	-0.0841631	-0.223115	0.132004	-0.0271352	0.0475434	-0.0170539	0.0301544	0.0976991	-0.150411
0.0610243	-0.0716102	-0.0528225	0.146329	0.113472	0.270518	0.0359076	-0.00804259	-0.0770432	-0.0898763
0.0522671	-0.0790776	0.0173706	0.0121634	0.00926551	0.0497557	0.0345342	0.0410819	0.00855933	-0.00824373
-0.00778953	-0.0454661	0.0535042	-0.0468487	-0.00513892	-0.014297	-0.0472329	-0.0562505	-0.0320014	-0.0350846
-0.00228546	-0.0427249	0.0441587	-0.0553445	0.0701525	0.0389022	-0.0689981	0.0074238	-0.00173955	0.0593661
0.0161899	0.033478	0.0550991	0.0526958	-0.0395465	-0.00497687	0.00489089	0.00476886	-0.0835008	-0.0250362
0.0186661	-0.0609417	-0.048172	0.00371684	-0.0618599	-0.009359	0.0654311	0.00670862	-0.0617921	-0.00777475
0.0337417	-0.0728125	0.0162778	0.0146255	0.0692803	0.130426	0.0741405	0.0388515	-0.0296453	-0.0278545
0.024901	-0.0276264	-0.0459346	-0.00625736	0.0684975	0.08715	-0.0172805	0.0730924	0.00880706	0.061619
-0.038361	-0.137754	-0.0501046	0.0132227	-0.0651399	0.0304147	-0.0101387	0.101152	-0.121179	-0.0111651
-0.0350873	-0.00494371	-0.0826757	0.050988	-0.0571171	0.0538915	0.0302648	-0.00206737	-0.139829	0.0358581
-0.0617376	-0.0354246	-0.034218	-0.0379084	0.0130775	-0.0145687	-0.0809134	0.122203	-0.0422892	-0.0272965
-0.0651509	-0.000205067	-0.14463	-0.0733665	-0.0312111	-0.0256006	0.0484043	0.0218799	-0.164616	0.240367
-0.0413482	0.0267082	0.0182481	0.0387829	0.00402909	0.0921865	0.0733346	-0.0340698	-0.0593924	0.0431103
0.0209657	-0.00797969	-0.00323627	-0.0348199	0.164782	0.00851023	0.00391828	0.171384	-0.0485185	0.158105
0.0784448	0.0405421	0.0304345	0.0371197	-0.09787	-0.0312503	0.0620252	-0.00170894	0.042889	0.171585
0.0809363	-0.0774156	-0.128818	0.00598894	-0.0242395	-0.0760842	-0.0201981	0.0270361	-0.027166	0.106133
0.102228	-0.147346	-0.0901721	-0.0209097	-0.0150876	-0.0239665	0.0787103	-0.0954373	0.0732046	0.15887
0.0992184	0.0879104	-0.0581231	-0.13214	-0.0889201	-0.0914438	0.0493052	-0.305601	-0.0662812	0.392332
-0.000795525	0.076578	0.064266	-0.145945	-0.092276	0.00244523	0.0720859	-0.233668	-0.0845604	0.248648
0.089375	-0.0583049	0.00761544	0.15671	-0.182424	0.028126	0.0205259	-0.0140791	-0.124323	0.299492
0.0690445	0.141277	0.0058258	0.00824846	0.0201176	-0.118505	0.030264	-0.00696739	0.0714869	0.138294
0.0638706	0.0150886	0.000687938	-0.000547229	0.0488576	0.129401	0.105664	-0.12558	-0.0697034	0.173734
0.111858	-0.00761053	-0.0315731	-0.034877	0.0668812	0.016728	-0.0814607	-0.018315	0.044169	0.199251
0.109504	0.0289848	-0.0372659	0.0801477	0.057292	-0.0139688	-0.0250378	-0.100523	-0.102436	0.0329444
0.0527104	-0.107697	-0.0757485	0.0265813	-0.0550813	0.0321908	0.00145008	-0.03201	-0.0585437	0.146635
0.170698	-0.00458968	-0.0910908	-0.00788373	0.0764377	0.0288963	-0.0994751	-0.0716412	-0.0256254	0.182646
0.0922419	-0.0748925	-0.181124	0.0230623	-0.10415	-0.0491526	-0.122018	-0.0432575	-0.0345358	-0.0510206
0.218881	-0.262721	-0.179947	0.215847	-0.083506	0.277746	-0.047203	0.0659877	-0.0287944	-0.178127
0.040619	-0.0925516	-0.120531	0.210349	-0.0228802	0.398317	-0.152559	-0.0398795	0.0363808	-0.0236282
0.005495	0.0396977	0.00910667	0.0374197	-0.0180337	0.00402363	0.0342201	-0.0059989	0.0236273	-0.00141608
-0.0414009	0.050654	-0.00973127	-0.0690149	0.0147652	-0.0186169	-0.0547787	0.0569411	-0.0159707	0.0165859
-0.0443452	0.0702352	0.0190952	0.0713088	-0.0677036	-0.0244485	-0.00597375	-0.0405818	-0.00611537	-0.02313
-0.0552034	0.00625995	-0.0692856	-0.0620128	0.00154619	0.000894378	0.0805188	0.00288126	0.0200594	-0.00542227
-0.0612834	0.049126	0.0604121	-0.0397767	0.046234	-0.0157911	0.0595099	-0.0250311	-0.0401512	-0.0433008
0.0299348	0.00614673	-0.079337	-0.0410263	0.0106461	0.172306	0.0680528	0.0244175	-0.0838784	0.104459
-0.0165767	-0.130723	0.0148936	0.0355024	0.0715887	0.0547862	0.0208641	0.208231	-0.0790365	0.104132
-0.151264	-0.00990013	0.0478812	-0.125964	-0.0956886	-0.0208285	-0.0263243	0.134661	0.0263375	0.0391983
-0.0359087	0.0300617	-0.108917	0.0201088	-0.0320746	0.108391	0.0602946	0.0703002	-0.140639	0.146742
0.0950715	-0.000460346	-0.165267	-0.0673546	-0.153828	0.0111944	-0.0970952	0.101452	-0.0381514	0.0423073
0.0964298	0.0730798	-0.243376	-0.0739966	-0.22024	0.066699	-0.0779736	-0.0639932	-0.0491359	0.0119906
0.0321487	0.150811	-0.166545	-0.0663196	-0.331609	-0.0331641	0.0224649	0.0206829	0.110871	0.0978163
0.0331818	-0.069537	0.00481026	-0.0227779	-0.483609	-0.0256213	0.0625353	-0.0229202	-0.0845123	0.171786
0.025593	0.0603007	-0.0126818	-0.0440925	-0.47132	0.0241586	0.0385125	-0.045748	-0.085689	0.0267187
0.0695341	-0.135979	-0.047697	-0.0766526	-0.439065	-0.0220281	0.074211	0.0973261	-0.0975388	0.126385
0.10991	-0.126354	0.0377952	-0.108994	-0.276499	0.0563185	-0.0151209	0.309612	0.0260391	0.0339713
0.0549624	-0.116753	0.0323564	0.0661621	-0.147157	-0.00195559	0.0105653	0.656291	0.00320291	0.175023
-0.0347829	0.128486	-0.147366	-0.0567851	0.0112982	0.00743196	0.0611624	0.23658	-0.112988	0.206359
-0.039378	0.109397	-0.155852	0.149109	0.0682836	-0.099213	0.0108067	0.0210238	-0.0325774	0.0387792
-0.0183876	0.0161271	-0.0576503	0.00144085	0.109956	0.0921382	0.122934	0.0547284	-0.222038	0.13243
-0.053993	0.0525584	-0.0957231	0.0418246	-0.0071447	-0.0766824	0.150032	-0.0490175	-0.061685	0.0474976
0.0584941	-0.0115895	-0.185004	0.0717006	-0.0760614	-0.0218588	0.0465046	-0.0456684	-0.167538	0.135944
-0.0201046	-0.0145604	-0.0272666	0.103044	-0.0628207	0.0114655	-0.0088504	-0.124861	0.00272311	0.166229
0.0255247	0.0508824	-0.00370628	-0.0335592	-0.0187477	0.129353	0.0197526	0.00446057	-0.0891535	0.00608795
-0.0125675	-0.0206228	0.0139471	-0.122723	0.0117737	0.108234	-0.0665632	-0.0396078	0.0265661	0.0317142
0.0446012	-0.0796269	-0.254441	0.129038	-0.0616329	-0.0243583	-0.106002	-0.0850545	0.100561	0.00754557
0.0916929	-0.131542	-0.235572	0.310883	0.0618203	0.351035	-0.0996488	0.15319	-0.0216857	-0.105885
0.0232245	-0.0239223	-0.0911373	0.111395	0.0464346	0.291117	-0.181036	-0.0111991	0.0119994	-0.0273191
0.0388873	0.0368152	-0.0658266	0.0723765	0.0729546	0.136881	-0.0252096	-0.0151224	0.102605	0.0707391
-0.0478042	0.0753121	0.0103337	-0.0642094	-0.03445	-0.0290153	-0.00266227	-0.0561302	0.0100373	-0.0286818
0.044765	0.00496145	0.051773	-0.069215	0.000436017	-0.0417075	-0.0492428	0.0188435	-0.0104448	6.26526e-05
0.0475448	-0.0679545	0.0633105	-0.0293811	-0.0251505	-0.0434248	0.0666851	-0.0528947	0.0120156	0.0108724
0.0720937	0.0601002	-0.0474357	0.0702748	0.00104611	0.0622132	0.0010586	0.0464681	-0.0938876	-0.0248447
-0.0330377	-0.00125783	0.0551337	0.0296231	-0.0047869	0.0568179	0.0623948	-0.0547586	-0.128221	0.067096
-0.0699697	-0.0498307	0.0443353	0.0340118	-0.129073	-0.0752764	0.109364	0.146152	-0.0294875	0.0432725
-0.00780544	-0.0391908	0.100228	0.0242334	-0.307642	-0.0692196	0.0580062	0.112751	-0.00981461	-0.0403358
0.00526013	-0.046668	0.00600286	-0.102166	-0.391995	-0.0179822	-0.0499237	0.223013	0.0766661	0.0581687
0.00618699	-0.0172451	-0.0870947	-0.101967	-0.419997	0.0218436	-0.0672764	-0.0273919	0.135077	-0.0473417
0.0324923	0.118473	0.0946227	0.0120641	-0.724014	-0.0441242	-0.0213753	-0.010414	-0.05011	-0.0135171
0.0255656	0.0618545	-0.0561402	0.127132	-0.647731	0.0198054	0.0462151	0.161121	-0.0388513	-0.103027
0.00448836	-0.0687263	-0.0871749	0.07103	-0.470049	0.0784997	-0.0396904	0.176826	-0.0368029	-0.0425901
0.0288315	-0.203915	0.00587085	0.145909	-0.248578	0.0666652	0.0799331	0.289818	0.0249832	-0.0286857
0.0684262	-0.0314029	-0.0869111	0.171837	-0.217654	0.112029	0.0812374	0.30046	0.0552477	-0.163477
0.0138776	-0.188488	-0.0416849	0.177131	-0.141816	0.00296511	0.0418556	0.548866	-0.0124225	-0.296198
-0.23653	-0.00950919	-0.0429947	0.304204	0.0110345	0.0818089	-0.0322009	0.574338	-0.0376898	-0.240019
-0.316633	0.220004	-0.110449	0.0480486	-0.0401524	0.0795799	-0.0631524	0.151103	-0.0661205	-0.154879
-0.235727	0.0751184	-0.0658569	0.0148254	0.21498	-0.0283507	0.0520287	0.00644336	-0.147112	0.122067
-0.303632	-0.0328448	0.000469355	0.0209429	-0.132795	-0.073167	0.000146746	0.0223442	0.00573047	0.0224908
-0.335432	-0.0302717	0.105298	0.101042	0.0197059	-0.0891765	-0.0655915	-0.131128	-0.0103455	0.117913
-0.495543	-0.131967	-0.059777	0.0300883	0.0423241	0.0254162	0.107689	-0.0737702	0.0334885	0.0931395
-0.195799	-0.0824545	0.151251	0.0743704	0.0906064	0.00622876	-0.0177123	0.013634	-0.0746338	0.0670645
-0.189764	-0.0164887	-0.124864	0.109203	0.140827	0.0182035	0.000983946	-0.0714386	-0.119086	0.142442
-0.238945	-0.0916614	-0.0588274	0.0842758	-0.00340298	0.0564424	0.0234956	-0.000243493	-0.118984	0.00654912
-0.163399	-0.0840072	-0.171485	0.11916	-0.0477892	0.225359	-0.0966081	-0.0115755	-0.0283845	0.189207
0.0426863	-0.00939045	-0.257731	0.300784	-0.0227206	0.272756	-0.236721	-0.132853	-0.170037	-0.0114701
0.0103347	-0.0616147	-0.247723	0.106636	0.134055	0.295621	-0.00943036	0.0634476	-0.130221	0.0281608
0.0552498	-0.00981012	-0.104012	0.00826389	0.00696269	0.0877333	0.014026	0.00698532	-0.0712498	-0.0716434
-0.00781069	0.0705997	0.0349079	-0.00131484	-0.055259	0.00158881	0.0494042	0.066328	-0.0430702	-0.0541955
-0.0624151	-0.0647962	-0.0277817	0.0293882	-0.00263392	0.0321051	-0.0044416	-0.0562918	0.00752528	-0.0500871
-0.0246923	0.0393115	0.0597767	-0.0277325	-0.0623484	0.0668222	-0.0218674	-0.0312631	-0.0641514	-0.0340889
0.0341982	0.0252799	0.0477179	0.0360489	0.0530043	-0.0151014	0.0261418	-0.0295729	-0.112297	-0.0561896
0.0110838	0.021062	0.0275146	0.0589388	-0.0514936	0.0404944	0.201008	0.13376	-0.106654	-0.0682952
0.0127664	-0.0456908	-0.0656949	0.0898607	-0.179611	-0.11667	0.0674328	0.108494	0.0136594	-0.197791
-0.0379581	-0.0668599	-0.0272707	0.0928124	-0.235625	-0.0897593	0.0770824	0.149159	0.0834711	-0.104204
0.0552912	-0.104828	-0.0412095	0.0313432	-0.372602	0.0133915	0.0849338	-0.0232179	0.0331753	0.0180519
-0.0849009	-0.0542583	-0.119556	0.0454115	-0.334385	0.0819021	0.0788666	0.0411266	0.0678686	-0.100266
-0.0482088	-0.0962457	-0.0817809	0.0689862	-0.315538	0.103473	0.00664881	0.302406	0.0952407	-0.070757
-0.0181527	-0.120233	-0.118258	-0.000541496	-0.160565	0.149204	0.0198784	0.233673	0.142371	-0.189169
-0.0956141	-0.195699	-0.09987	0.0843658	-0.116136	0.024038	0.173434	0.291498	0.129796	-0.282535
-0.0586844	-0.187595	-0.0705269	0.126461	-0.112509	-0.109115	0.0773776	0.341914	-0.0253986	-0.129763
-0.272488	-0.156297	-0.202292	0.169974	0.06269	0.0392895	0.0844113	0.366465	0.0942573	-0.272119
-0.0910683	-0.0922374	-0.138726	0.197269	0.0782496	0.00702842	-0.0833567	0.378026	-0.0143837	-0.333956
-0.311781	0.0906986	-0.0734833	0.1327	0.0562972	0.30173	-0.0583569	0.266843	-0.00743494	-0.0844228
-0.13515	0.127055	-0.321195	-0.173876	0.0284657	0.191111	0.093152	-0.048547	-0.170554	0.0358195
-0.20464	0.0266711	0.0371628	-0.158856	-0.125169	0.0538019	0.0534479	-0.13557	-0.0386137	-0.097366
-0.134239	-0.0328296	-0.0320964	-0.0824243	0.137373	0.151061	0.151668	-0.196381	-0.121118	0.128997
-0.226874	-0.0107282	-0.0956055	-0.0650866	0.049366	0.0743561	0.0681422	-0.0918726	-0.175824	0.068823
-0.366786	-0.16259	0.0704993	0.0642108	0.00698329	0.0176443	-0.00200871	0.0384247	-0.119326	-0.059148
-0.454536	-0.0546092	-0.000473716	-0.110754	0.129917	-0.0121785	0.106759	0.102646	0.0311429	0.086711
-0.34241	-0.124556	-0.0646816	0.147734	-0.116805	-0.0915466	0.0836408	-0.0694369	0.066549	0.0689417
-0.353071	-0.0693975	-0.0473242	0.0624746	-0.0541245	-0.0649488	0.0592344	0.0819061	-0.0329033	0.221157
-0.260368	-0.0274286	-0.0750841	0.0589963	-0.0324746	0.189141	-0.118627	-0.0617118	0.0325287	0.131011
-0.0964919	-0.0353486	-0.0557698	0.134407	0.097734	0.140785	-0.173317	-0.0292062	0.0612581	0.167559
0.0349292	-0.0598203	0.030935	-0.0277798	-0.0144722	0.138312	-0.143762	-0.0225878	-0.151825	0.131548
0.0708755	0.0136801	-0.0147836	0.101022	-0.0313235	0.0576438	-0.0638291	-0.0808207	-0.056624	0.0336666
0.0472398	0.0517148	-0.00901364	-0.0650487	0.0138009	0.0188766	-0.0202831	-0.00613583	-0.0557338	-0.0158184
0.02151	0.0508698	-0.0657448	0.0402926	0.0475337	-0.048399	0.0215975	0.0115988	-0.0581265	-0.0228044
-0.0612233	0.0707758	0.068674	0.00264858	-0.0447072	-0.0363612	0.0220986	-0.0450223	0.0611784	-0.0118537
-0.0108626	-0.043493	-0.0704793	-0.0677425	0.0191402	0.0513597	0.0481734	0.0585636	-0.134296	0.00437599
-0.0862094	-0.0416291	-0.0537613	0.0757059	0.0104424	-0.0720431	0.129592	-0.00926712	-0.0503083	-0.165483
-0.103229	-0.049413	-0.0810985	0.00794604	-0.14881	-0.0561824	0.208564	0.18427	-0.0584049	-0.17975
-0.10055	-0.0417846	-0.04572	-0.0309978	-0.0897591	-0.055733	0.0269474	0.276487	0.191332	-0.222026
-0.129561	-0.160233	-0.124726	0.194301	-0.302044	-0.00516022	0.0650893	0.0657686	0.148744	-0.0705347
-0.130354	-0.227353	-0.123699	0.0660324	-0.165051	-0.00730907	0.0479654	0.158408	0.0367503	-0.12282
-0.0467644	-0.219995	-0.0385357	0.168379	0.0800639	-0.124342	0.0830952	0.249127	-0.111385	-0.273453
-0.169728	-0.202385	-0.213715	0.217436	0.217448	0.0099363	-0.0648906	0.17868	0.0255685	-0.255961
-0.132453	-0.159794	0.0269951	0.150014	0.0894659	0.0445236	0.025891	-0.0265027	-0.0369062	-0.18612
-0.071739	-0.136525	0.0642176	0.196405	0.271369	0.12919	0.0214661	0.0816915	-0.00076489	-0.270956
-0.157878	0.0572628	-0.163613	0.196276	0.246997	0.0436716	-0.0511094	0.13833	0.0270566	-0.146084
-0.0537163	-0.0706721	-0.0901106	0.140128	0.092871	0.150737	-0.098252	0.0872466	-0.0235471	-0.149926
-0.0306139	-0.0521476	0.0874209	-0.032629	0.257579	0.302976	-0.272531	0.211799	0.0382112	0.0514114
0.0896564	0.0403686	-0.189822	-0.116205	-0.0657443	0.131119	0.0356294	-0.101231	0.224465	0.0473351
0.0334102	0.131155	-0.00173825	-0.148726	-0.0210704	0.0433394	-0.0098534	-0.0588894	0.00624615	0.00910699
0.00320502	-0.146996	-0.0392823	0.0361481	-0.0588008	0.0624892	-0.0245497	-0.0130203	0.0112827	0.0132721
0.022011	0.0153015	0.0625591	-0.100368	0.0291711	0.0630119	0.0780044	0.0780514	-0.0597161	0.0420043
-0.0243682	0.00826727	0.0365915	-0.0557027	-0.166453	-0.0405463	0.053705	-0.0362774	0.0265618	0.137455
-0.0442022	-0.15922	0.0365999	0.148541	-0.0795887	0.100012	-0.0469103	0.00258285	-0.0665041	0.0506428
-0.118409	-0.0895864	0.173402	0.0922232	-0.194788	-0.0816813	0.037237	-0.0997529	0.143179	0.14845
-0.273472	-0.0926518	0.00169195	-0.0335065	-0.0839463	-0.0509089	0.181926	0.0967955	0.0707948	0.0856569
-0.205891	0.00762668	-0.0693152	0.0647305	-0.032531	-0.00297878	-0.107002	-0.121884	0.306042	-0.00408888
-0.168719	0.0424263	-0.0331378	0.119505	-0.0744074	0.00691358	-0.125954	-0.0765003	0.135436	0.0745896
-0.000950377	0.0180367	-0.059684	-0.0952219	0.0133003	-0.0399575	0.00583646	0.069139	0.00639136	0.170265
0.0169438	-0.0228003	-0.0850025	-0.0847448	0.0467465	0.0435394	0.00392623	0.0559625	-0.007553	-0.0481114
-0.0201135	0.038228	0.0334608	-0.0617041	-0.0460176	-0.031214	0.0327879	-0.0261356	-0.0334667	0.0349611
0.0475605	-0.0405624	0.0601293	-0.0290448	-0.0273982	0.00623948	-0.0273598	-0.0372917	-0.0609437	-0.0712228
0.0536437	0.056631	0.0516099	0.0697726	-0.0158966	0.0462198	0.00645104	-0.00759272	-0.0717985	-0.0322082
-0.00373128	0.0360108	0.0260151	0.0531833	-0.0248019	0.0610075	0.019269	0.0583934	-0.0252633	0.0454034
0.052035	-0.0254363	-0.0777523	0.071659	0.0774113	-0.11201	0.0573681	-0.0302632	-0.00225172	-0.212688
-0.0389845	-0.0963	-0.0322403	0.0197115	0.124524	-0.054133	0.331302	0.236374	-0.131914	-0.220897
-0.0806409	-0.110061	-0.0700032	0.0721607	0.0298625	0.0635963	0.115101	0.175768	-0.0934095	-0.130754
0.0556794	-0.170035	-0.0648927	0.149312	-0.0740263	-0.0363776	0.0826213	0.0328901	0.0590735	-0.182784
-0.0746893	-0.112417	-0.0438596	0.295096	0.201517	0.0749325	0.201146	0.0978173	0.0118579	-0.0730514
-0.179921	-0.196209	-0.00450784	0.22124	0.20125	0.0900098	0.102274	0.0395248	0.153478	-0.0681713
-0.190924	-0.0638872	-0.035859	0.150955	0.0982188	0.13299	0.0409607	-0.036012	-0.00729048	0.0169011
-0.0132232	-0.0337206	-0.0539183	0.100773	0.177819	0.0501996	0.0829122	-0.0465975	-0.119455	-0.0500091
-0.0834848	0.0540971	-0.053382	0.061459	0.120165	0.186776	-0.0337867	-0.10001	-0.0211683	-0.0207624
-0.0385002	-0.0318047	0.0192014	0.101459	0.126026	0.187989	-0.0649912	-0.0966632	0.0515781	-0.0794639
0.0375066	0.0811349	0.0668167	0.0575151	0.145186	0.208626	-0.117531	0.10353	-0.0340407	0.00683994
0.269034	0.0601734	-0.0527382	-0.0493861	0.0927594	0.227937	0.186158	-0.0187556	0.288849	0.0152959
-0.0174395	0.0302262	-0.0793615	-0.0209535	0.00573512	0.102293	0.0461766	-0.00151279	0.243397	-0.00984256
0.0120787	0.0758122	-0.0972674	-0.198459	-0.0544288	0.104462	0.0384586	0.0763709	-0.0113386	0.00170115
-0.00792772	-0.0654947	0.0427911	-0.174185	-0.11037	0.00554524	0.162963	-0.0423422	0.0940636	0.0676907
0.064916	-0.0183152	-0.0590045	-0.0357637	-0.00025051	0.0405962	0.0703347	-0.0463903	0.110765	-0.0212449
0.039815	-0.058705	-0.0281038	-0.0609131	-0.0817131	0.0915421	0.044069	-0.170516	0.121202	0.0184076
-0.00624645	0.010956	0.0506027	-0.120304	-0.0631713	0.290922	0.154086	0.090593	0.111006	0.105511
-0.173489	-0.0183981	0.163434	0.0265775	-0.0588984	0.148727	0.0564696	-0.00304528	-0.0189444	-0.139028
-0.251113	-0.0563269	0.096063	0.0454501	-0.227065	-0.0709573	0.18311	-0.0323479	0.0778696	-0.0769728
-0.102987	-0.00415415	0.161092	0.120372	-0.128777	-0.271057	-0.0846979	-0.0752534	0.181613	-0.0993425
-0.031133	-0.00628914	0.0880301	0.089103	-0.022063	-0.207368	-0.135136	0.131006	0.0139712	-0.0632936
-0.0339777	-0.0329323	-0.0151266	-0.0650202	-0.000823464	-0.103865	0.0104308	0.0491579	0.0439017	0.00543966
-0.0484347	0.00190702	-0.0264563	-0.0229981	5.48693e-05	-0.0624005	-0.000541574	0.0454024	0.0191618	0.0230809
0.0196958	-0.0681235	0.0850766	-0.0112434	0.0374748	0.0443504	-0.0728627	0.0475724	0.0736591	-0.0602913
-0.042302	0.0153509	0.0606404	-0.00490379	0.04968	-0.00617276	0.0450323	-0.0718709	-0.0291924	-0.0451593
0.0622685	-0.00760382	-0.0040709	-0.0703339	0.0130284	0.0428879	0.053592	-0.0419297	0.0579112	-0.0226829
-0.0266472	-0.0228967	0.00151048	-0.00516315	0.0365176	-0.0129874	0.0206493	0.0647035	-0.0373449	-0.0569595
-0.068155	-0.023126	-0.0916976	0.0378538	-0.0241006	0.00390175	0.140442	-0.0452943	0.0119932	-0.219762
-0.0918614	-0.010991	0.0546854	-0.0445327	0.118376	-0.0712834	0.356816	-0.102704	-0.0328879	-0.223595
-0.00424255	-0.0110121	-0.00952929	0.139448	-0.0510967	-0.104283	0.102427	-0.133138	0.136752	-0.120791
0.071076	-0.149597	0.128313	0.150089	-0.0388176	-0.204646	0.104983	-0.0396776	0.113385	-0.0238548
-0.00658996	0.00645351	0.152505	0.186464	0.232728	-0.241334	0.334498	-0.138676	0.0598911	0.0381644
0.0705352	-0.0690537	0.0424871	0.111908	-0.0448225	-0.057878	0.268134	-0.0285312	0.089867	-0.060782
0.0370921	-0.0337539	0.0832244	0.044517	0.158854	0.130258	0.0393484	-0.0264059	0.0451111	-0.138298
0.0675054	0.017245	-0.103582	0.00171733	-0.0266042	-0.00671102	0.0424831	-0.0089662	0.0355254	-0.128933
-0.0489071	0.134062	0.0784969	0.0561574	-0.0120009	0.0378467	0.0345453	-0.132051	0.245375	-0.0656136
-0.0373213	0.0710169	0.133328	0.0307662	0.0270376	0.153336	-0.05934	-0.0169118	-0.111875	-0.0415579
-0.0333833	-0.00316557	0.0609556	0.122959	-0.0234372	0.0991934	-0.12848	-0.0171676	0.190638	0.118945
0.100343	0.276586	-0.0530074	-0.00871413	0.111585	0.218626	0.101635	0.0366845	0.318089	0.0201415
0.0423408	-0.0994943	0.0609438	-0.037313	-0.0238815	0.0641108	-0.021839	-0.0205654	0.10211	0.02141
-0.0898409	0.00517855	0.116047	-0.231298	-0.141519	0.0455949	0.0311341	-0.0472287	0.103101	-0.0319732
-0.0230635	-0.182857	-0.0987705	-0.0238425	-0.100912	0.0740029	0.118445	-0.0159822	0.0322176	-0.0389238
-0.0809572	-0.0845153	0.0695242	-0.144815	-0.0729521	-0.0170638	0.0227745	-0.00418239	0.00213226	0.0204257
-0.009474	-0.0963398	0.0203278	-0.0747733	0.0129246	-0.167567	0.166027	0.0347236	0.0241242	-0.0681656
-0.0589565	0.0274929	0.0164074	-0.0468237	-0.0351109	-0.111621	0.0838515	-0.113565	0.00440517	-0.00227322
-0.0991519	0.126056	0.0775211	-0.0116064	0.0282222	-0.0944166	-0.0629897	-0.00699388	-0.0489746	-0.0285346
-0.0717349	0.120481	0.19821	0.0250734	-0.0456371	-0.111796	0.101165	-0.139683	-0.128094	-0.145751
0.0426335	0.123983	0.0945545	0.0576468	0.00514305	-0.155818	-0.090264	0.027065	-0.230773	-0.0602238
0.0113859	-0.00586909	0.0918789	0.0899818	-0.0281954	-0.162796	-0.152679	0.141492	-0.0569521	-0.0252235
0.0159059	0.0520296	0.130214	-0.039599	-0.0287059	-0.112829	0.0291925	-0.00654102	0.0142996	-0.0320087
0.0534181	0.089783	0.117001	-0.122575	0.0771441	-0.0803419	-0.0383396	0.0124814	0.0589004	-0.00200652
0.0083312	-0.034401	0.0380907	-0.0254319	0.0245314	0.0415082	-0.0690836	0.00444204	0.070904	0.00528668
-0.0370126	0.0243224	-0.0612395	-0.0691013	-0.0156988	0.000927419	0.0294231	0.0499619	0.056697	0.00795683
-0.0637196	0.0315757	0.00429115	-0.0424851	0.00128719	0.0493751	-0.0713275	0.0210678	-0.0374747	0.0443568
0.0285993	-0.00836052	-0.0751481	0.0135378	-0.0206931	-0.0655003	0.0393292	-0.0075986	-0.0815516	0.0175421
0.0529659	0.0566461	0.0161517	0.0233015	-0.041092	0.0341246	0.0421616	-0.086659	0.133167	-0.118907
0.0243951	-0.0831898	0.123975	-0.0343292	0.100185	-0.144794	0.168109	-0.0364692	0.00470312	-0.00927948
0.0220044	0.0205615	0.0348057	0.101513	-0.0369522	-0.266899	0.163518	-0.053723	-0.0855769	0.061741
0.032368	0.0373078	0.202902	0.0871287	-0.0277697	-0.382907	0.148128	0.0087043	0.0210843	-0.0196098
0.0942512	0.00128734	0.118233	0.245804	-0.0721601	-0.393008	0.173149	-0.0358062	0.0948017	-0.0639558
0.0225346	-0.0223837	0.0684073	0.126868	-0.147531	-0.286645	0.273179	-0.0522935	0.256154	0.0527649
0.0834636	0.0508323	-0.00992329	0.100482	0.00396454	0.0126264	0.0955276	0.0344787	0.181094	-0.0401088
0.0944217	0.109171	0.120595	0.0823994	-0.00101208	0.0590617	0.109048	-0.0503917	0.0783178	0.106759
0.0441463	0.0652301	0.100348	0.0668369	0.000548145	0.0707268	0.221123	-0.0786876	0.113058	0.01828
0.114463	-0.00458828	-0.0546657	0.1485	-0.0261653	0.132341	-0.0668278	0.0941911	0.0194814	-0.0379371
0.059362	0.200161	0.148248	-0.0105175	0.00440681	0.331786	-0.0790119	0.171476	0.2682	-0.0738596
0.0158718	0.0220575	0.0851779	-0.0747887	0.137077	0.169737	-0.0466719	0.11498	0.308546	-0.106016
-0.0788614	0.0348359	0.0699275	-0.169135	-0.0117421	0.0242274	0.0679765	-0.129068	-0.0549682	0.00109284
-0.0179611	0.0544811	-0.0141185	-0.0524337	0.00819082	0.0653581	0.0444656	-0.139146	0.11579	-0.0499879
-0.0849033	-0.129056	-0.134266	-0.043527	-0.0405064	-0.048323	0.0915078	-0.0333818	0.00787825	0.0592872
-0.016447	-0.137991	0.0730886	-0.0475231	-0.00692871	0.102299	0.00680027	-0.110246	-0.0834287	0.0497473
-0.0036857	-0.2154	-0.0316205	-0.156622	-0.108332	0.0332843	0.0113996	0.0791785	-0.0705024	-0.198031
0.0448357	-0.194266	0.0292407	0.0144245	-0.017505	-0.0478056	-0.0192234	0.0857467	-0.243229	-0.0724158
-0.0946426	-0.0634806	0.0926025	-0.0114878	0.0231225	-0.0119825	0.0218046	-0.0258406	-0.205379	-0.0614193
-0.114382	0.0167528	0.110698	-0.0826264	-0.0949963	0.0458432	0.155004	0.0159538	-0.172689	-0.000389431
0.0249155	-0.0300996	-0.0268942	0.185561	0.0488454	0.0887397	-0.00581869	-0.107928	-0.255033	-0.082565
0.121199	0.011042	0.112429	0.115122	0.118358	-0.102689	-0.133626	-0.120268	-0.090625	-0.0222951
0.00078521	0.0196569	0.140543	-0.00679925	0.128234	-0.0746835	-0.0549824	0.0395816	0.167847	-0.0938489
-0.0119648	0.0318237	0.121587	-0.0886882	-0.0183004	-0.0683847	-0.0410457	0.0686289	-0.0359968	0.0248419
0.011705	0.0135463	0.0541949	-0.0297446	-0.032432	-0.0659051	0.0611715	-0.0104671	-0.062883	0.0343477
0.0287552	-0.0428515	0.0510832	-0.0391996	0.0304509	0.0470602	-0.055046	0.0482332	0.0168396	-0.064764
0.0193426	-0.03165	0.0702127	0.00143032	-0.0234586	0.0605098	-0.0413204	-0.00907459	0.0596917	0.0597943
0.0319799	-0.00557713	0.0170552	0.0196313	0.0417064	0.0254397	0.0159698	0.00164086	-0.0294588	-0.0233779
-0.00714924	0.0234178	-0.141572	0.0107443	0.0721861	0.102122	-0.000664697	-0.113011	-0.0160046	-0.0911277
-0.0408952	-0.105392	0.100514	-0.0741468	0.146943	-0.0499024	0.095264	-0.0216207	-0.0938972	0.0437851
-0.0251017	-0.00778542	-0.00585244	0.104601	-0.0171305	-0.277406	0.073555	-0.199883	-0.0766994	0.0241367
0.0441506	0.0702526	0.165262	-0.0117437	-0.0651878	-0.305429	0.265718	0.0108401	0.157614	-0.0321491
0.00048327	0.112997	0.12255	0.0593439	-0.0928544	-0.452294	0.161365	0.118512	0.135107	0.0735707
0.0678557	0.0568012	0.132653	0.155563	-0.158989	-0.500638	0.318067	0.0397507	0.0587236	0.0497197
0.0501942	0.10902	0.120415	0.132886	-0.18436	-0.487158	0.157821	0.170146	0.177725	-0.0219876
0.0210806	0.0902384	0.249011	0.131074	-0.0639647	-0.258591	0.30895	0.0269533	0.159849	0.0657016
0.0778551	0.249495	0.081332	0.172088	-0.0506165	-0.0180484	0.16969	-0.164326	0.260288	0.012477
0.178574	0.0930796	0.102247	0.047608	0.0922312	0.0473937	0.22127	-0.0435005	0.333886	0.150903
0.110153	0.256105	0.0575659	-0.00569661	0.0401366	0.104752	-0.0163711	-0.0118912	0.273934	-0.0481925
-0.0616523	-0.0424107	0.0972036	-0.0596936	0.0606666	0.0318247	-0.0955108	0.0744897	0.0954047	-0.166718
-0.140447	-0.0570941	0.0911706	-0.131115	-0.162539	0.121102	0.0341579	-0.111093	-0.00486424	-0.155735
-0.0392694	-0.0916475	0.209574	-0.0888828	0.0445746	0.0140583	0.0420944	0.076081	0.123267	0.054247
-0.0611086	-0.133524	0.275711	-0.066641	0.0516909	-0.0720626	0.240773	-0.22406	-0.0502068	-0.0995618
-0.0695861	-0.173026	0.0920244	-0.0627849	0.0312759	-0.0862652	0.0355771	-0.106647	-0.0609182	0.00853114
-0.0154942	-0.184031	0.119466	-0.0885055	0.0100229	-0.0949833	-0.0437433	0.036846	-0.139538	0.0018622
-0.0373265	-0.219174	0.144997	-0.0503041	-0.0795973	-0.208561	0.0777191	-0.0616872	-0.130791	-0.0545848
-0.0661438	-0.196879	0.244879	0.0095015	-0.0194687	-0.0746932	-0.050506	-0.00267834	-0.104369	-0.0683836
0.0487576	-0.0757041	0.196504	0.0533408	-0.0220279	0.0365987	0.0852835	0.0239244	-0.0565199	-0.100353
0.0845706	-0.048262	0.105067	0.220225	0.100955	0.168421	0.0811148	-0.00967224	-0.0909182	-0.0728561
0.124962	0.0644009	0.186875	0.010646	0.105124	-0.0100973	-0.110096	0.0597358	-0.139542	-0.0620646
-0.0805694	-0.038371	0.187104	-0.0760621	0.0964595	-0.152283	-0.13062	0.0108104	0.143576	0.0355923
-0.0205628	0.00578044	0.0721536	0.0171439	0.0361517	-0.109552	-0.0538186	0.0562681	-0.0113143	-0.0679
0.0455735	0.00143485	-0.0604748	-0.0691807	-0.0545071	0.0598775	0.0710501	0.0514942	0.0113909	-0.0253985
0.0139941	0.046742	-0.0368624	0.066658	-0.000577482	-0.0489699	0.0374769	-0.0391475	0.0601548	-0.0137478
0.0398777	-0.0202802	-0.0375714	-0.0292633	-0.0664018	-0.0265938	0.0421706	0.021951	-0.0405737	-0.0132739
0.0117681	-0.00537595	-0.00468644	-0.0703631	-0.0429961	-0.0253628	-0.0222495	-0.0198016	-0.0447606	0.0120454
0.118371	-0.00147453	-0.118406	0.0964761	0.132214	-0.022815	-0.118931	0.0603047	-0.0109154	-0.00319428
0.0398416	-0.0138504	-0.013256	0.0560308	0.138265	-0.108898	-0.0858946	-0.0238307	-0.0722958	0.18222
0.0114641	-0.0514937	0.0498522	0.0721255	0.167546	-0.112313	-0.109746	-0.0382494	-0.0612337	-0.0180229
-0.0489784	-0.02392	0.131103	0.0594368	0.0316716	-0.086871	0.0323759	0.0701578	0.018773	0.046242
0.0990277	-0.00841863	0.0570023	0.0375712	-0.0138784	-0.265594	0.0853903	0.0906736	0.0367632	-0.033464
-0.0411809	-0.0503473	0.221067	0.0576089	-0.111189	-0.377474	0.186875	-0.0909634	0.0883977	0.00329373
-0.0963516	-0.0413737	0.0499909	0.184033	-0.255667	-0.443065	0.168534	0.0461164	0.0972472	0.0900844
0.0724955	0.224753	0.0913317	0.292094	-0.268248	-0.535547	0.172252	0.0203179	0.197804	-0.0225171
0.102471	0.139269	0.181366	0.202668	-0.380543	-0.333106	0.175308	0.145093	0.287743	0.0227199
0.20157	0.0867489	0.146177	0.0610203	-0.303564	-0.223308	0.212659	0.0225471	0.305497	0.208137
0.180285	0.130526	0.0902263	0.0365564	-0.1266	-0.0964054	0.151618	0.168475	0.102326	-0.0651848
-0.157949	-0.0554193	0.143865	-0.164865	0.053811	-0.0081981	-0.0101663	-0.0291386	0.127273	-0.149522
-0.125324	-0.0684569	0.166184	-0.19599	-0.0409555	-0.110003	0.134664	-0.144764	0.0311905	-0.0497442
-0.125257	-0.186163	0.0975819	0.0691541	-0.0135889	-0.107167	0.0839016	-0.0761691	0.0640923	0.00857509
0.0462257	-0.301117	0.120785	0.0228701	-0.0572482	0.125523	0.0290602	-0.0874885	-0.126464	0.0936484
0.0541878	-0.247191	0.0960943	0.0677757	-0.00932525	-0.044457	0.0656855	-0.0531597	-0.228181	-0.192832
0.0629192	-0.125195	0.163795	0.0835801	0.0764888	-0.00991626	-0.0901244	-0.00972153	-0.103695	-0.10395
0.0514305	-0.135154	0.0822186	0.118348	-0.00450296	0.0724622	-0.034275	-0.10497	-0.152082	-0.0607572
0.0827437	0.0138311	0.0929522	0.148848	0.0837471	0.0729872	0.0939428	0.132093	-0.104085	-0.128982
-0.0411074	0.174693	0.120105	0.121092	0.0358414	0.0397064	0.0946123	0.11716	-0.0971482	-0.0732972
0.00311478	0.047049	0.151599	0.135641	0.0206764	0.150975	0.0210412	0.0688203	-0.0174389	-0.162733
0.0307669	0.0892451	0.00682391	0.0252695	0.175032	0.096127	-0.0214748	-0.0717828	0.0137215	-0.00633114
-0.101345	0.0704205	0.0781753	-0.0521563	0.156881	-0.11486	-0.0430742	0.176545	0.0169809	0.11553
-0.0480582	0.0283517	-0.0345117	-0.000204235	-0.0238084	-0.0579749	0.00118091	0.125808	0.0279983	-0.0303787
0.0262896	0.0714859	0.0590771	0.0365416	0.016758	-0.0614112	-0.0371865	-0.048944	-0.0615792	-0.0123255
-0.0564451	-0.00196832	-0.0587405	-0.0681057	0.0172996	0.04487	0.0237032	0.0670217	-0.0182082	0.0148985
-0.0385915	-0.0518273	0.0327799	-0.065942	-0.0522346	-0.0417243	-0.062676	0.0402623	0.0127768	-0.0328627
0.0450531	0.0628396	-0.0646577	-0.0283129	-0.0301444	0.0441936	-0.00894513	-0.0284853	0.0349694	0.00849277
0.114373	0.0198746	-0.0518874	0.0358157	0.131789	0.0191336	-0.13753	0.00573954	-0.0188834	0.111122
0.114724	-0.0126269	0.0285915	0.00765303	0.0742498	-0.00120778	-0.200225	0.067396	-0.148762	0.163011
-0.0589323	-0.052677	0.0479562	0.11242	0.0664261	-0.0224017	-0.0546099	-0.100569	0.0472873	0.00656386
-0.159402	-0.0648636	-0.163364	0.166203	0.105093	0.241916	-0.00575708	-0.0255191	-0.11566	0.0264231
-0.131283	0.0406082	0.182211	0.143201	0.00171289	0.0929363	-0.119005	0.0209481	0.0250283	0.026433
-0.174616	-0.0452197	-0.11607	0.0523168	0.0331316	0.0772638	-0.0886436	0.0756418	0.0195637	0.00111328
-0.0993152	0.0792749	-0.0264464	0.153237	0.162783	-0.0416315	-0.108374	0.0196042	0.163132	-0.0144304
-0.0846154	0.0729129	0.177597	0.0799241	-0.0149366	-0.193075	-0.121714	-0.0126084	0.133403	0.120392
-0.161589	-0.107293	-0.0295553	0.00844378	-0.0389228	-0.167359	0.109195	-0.0188188	0.194127	0.116415
-0.104901	-0.075147	0.112591	-0.0754497	-0.0466049	-0.393813	0.0710634	-0.157097	0.262262	-0.0249473
-0.136028	-0.0571504	0.0245981	-0.0783603	-0.121438	-0.0746543	0.14254	0.0500204	0.17874	-0.0639339
-0.195128	-0.183771	0.1981	-0.0636982	-0.0287346	-0.0730567	-0.023764	-0.0608326	0.0567723	-0.0983141
0.0479415	-0.277071	0.116211	-0.0369528	0.0274232	-0.0141988	0.0143208	-0.00563038	-0.114403	0.0137666
0.179307	-0.260547	0.232131	-0.0601642	0.0761349	-0.00134079	0.0196752	-0.0428969	-0.0805511	-0.0816744
0.0351127	-0.238943	0.178878	0.0448773	0.0371143	-0.0329783	0.0279159	0.0521184	-0.102352	-0.0748204
0.0298497	-0.0499258	0.203848	-0.0639903	-0.077558	-0.0667204	0.0587556	-0.0174284	-0.0271057	0.0757407
0.110081	-0.131838	0.204472	-0.103795	0.0972958	-0.0797098	0.049337	-0.0165317	-0.0231858	0.0215077
0.122134	-0.0294879	-0.00890952	0.0117315	0.0972952	0.0415283	0.0720925	0.00217971	0.0211334	-0.00564652
0.00793526	0.0651951	0.0546364	0.0573727	0.255046	-0.0989892	0.0544398	0.194623	-0.0266211	-0.105629
0.0892771	0.0319066	0.16979	0.174787	0.139635	-0.159275	0.0643504	0.168641	-0.0421279	0.113817
0.0124567	0.139253	0.201944	0.0790413	-0.0381494	-0.0253092	-0.0485654	0.0621506	0.0105585	0.0103136
-0.0242264	0.0919928	0.165418	-0.0249579	0.0611629	-0.0318786	-0.129394	0.0587029	0.081267	0.0528627
-0.00102846	0.0756765	0.0763775	-0.112079	0.0241945	-0.0328756	0.0292912	0.0344818	0.0228991	0.134542
0.0574051	0.0334568	0.0399406	-0.0515559	-0.00303324	0.01271	0.0108939	0.0981283	-0.0443647	0.0883158
-0.0710041	-0.0513929	0.0382314	-0.0962797	0.062898	-0.0238264	0.0141885	0.00468702	0.0740867	-0.0443191
0.0597471	0.0220425	0.0291563	0.00227734	-0.0629503	0.0347178	-0.0170066	0.0520266	-0.0107612	0.0656646
0.025048	-0.0122652	-0.0662801	0.00133577	0.0150549	0.0166279	-0.0595153	0.00122458	0.0143535	0.0611164
0.0645498	-0.0257812	-0.00589235	0.0754196	-0.0149976	0.0291309	0.0260235	-0.0182886	-0.0142482	-0.00210495
0.0770103	0.0475466	-0.0670246	0.00383776	0.170152	0.0964037	-0.11995	-0.0759211	-0.0387873	0.0889346
0.163709	0.0193224	-0.0537088	0.00260774	0.0419526	-0.0404961	-0.176282	0.00713073	-0.0939739	0.107138
0.0414884	-0.141892	0.0746584	-0.055319	0.0508054	0.0236356	-0.0714388	0.0334018	-0.13044	0.122631
-0.0913859	0.0236255	0.0161359	0.0978071	-0.13381	0.0670168	-0.14932	-0.043969	-0.0600789	0.039437
-0.0549068	0.0519319	0.0913932	-0.0286145	0.0675048	0.108812	-0.0700442	-0.0486903	-0.103949	0.0313793
-0.0708164	-0.0703599	-0.0757939	0.0737433	-0.0251507	0.0294651	-0.0733125	-0.0311964	-0.0594813	-0.0208711
-0.196696	0.0975179	-0.0668349	0.0078248	0.0997132	0.103587	-0.169517	-0.143938	0.027202	0.0257826
-0.184122	0.0107994	-0.0786696	0.193529	0.0803981	0.0136611	-0.100798	0.00807309	-0.0427585	0.0203209
-0.215874	0.0395726	-0.0265105	-0.0108192	0.00692171	-0.131504	-0.0895712	-0.0722069	-0.0260997	-0.258997
-0.235993	-0.0688665	0.105725	0.10816	0.0129981	-0.256618	-0.138392	-0.146668	-0.072261	-0.0388425
-0.185749	0.0377359	-0.168208	-0.0939342	0.0202909	-0.142347	-0.0538453	0.0324022	0.0242357	-0.108126
-0.16431	-0.169574	0.0628042	-0.00123798	-0.0448697	-0.142398	0.0206934	-0.0220936	-0.108368	-0.0816344
0.000275784	-0.310874	0.166826	-0.0787578	0.103374	-0.0437827	-0.12555	0.032899	0.087961	-0.164249
0.0190216	-0.126335	0.150835	-0.0122904	0.153095	-0.00498726	-0.0610563	-0.125644	0.0774647	-0.0895504
0.0780918	-0.113738	0.0117969	0.051408	0.185075	-0.139832	-0.0683163	0.0114853	0.112363	0.048459
0.207955	0.0239506	0.0366865	-0.0171863	0.120314	-0.0749235	-0.0803261	-0.0290478	0.0637939	-0.0142605
0.046753	0.0509746	0.107344	-0.0356491	-0.0443558	-0.0782414	-0.05578	0.106984	0.041513	-0.00716849
0.177373	0.0476084	0.00962822	-0.00771038	-0.00838167	-0.078499	-0.107932	-0.0931505	0.0985429	0.116677
0.117404	0.0382728	0.138992	0.110677	0.209302	-0.0848937	-0.022398	-0.0135324	0.0543351	0.0800698
0.141414	-0.0133408	0.0805169	0.226326	0.0114166	-0.099539	-0.22475	0.0847623	0.102761	-0.017551
-0.00936157	0.0326885	0.0695993	0.0512719	0.0465313	0.041438	-0.126414	-0.0263303	0.038835	0.129533
0.021816	0.0253848	0.0537323	-0.0185098	0.0251851	-0.034621	-0.140034	-0.0289165	0.0463403	-0.000648013
-0.0875997	0.086784	-0.00360148	-0.0022121	0.0444497	-0.0665145	-0.049901	0.0505366	0.0844804	0.0426041
-0.068556	0.0197594	-0.0407324	-0.0405756	0.0319752	-0.0419423	0.0429884	0.0676529	0.0385825	0.0766437
-0.0645468	-0.0679547	-0.0413421	0.0461239	-0.0177872	-0.0259267	-0.03245	0.0464326	0.03251	-0.0219255
-0.00558568	0.0467753	-0.00872627	-0.00435284	-0.0589397	-0.0258006	0.0113855	0.0338554	0.0487186	0.00148441
0.0244933	0.0195306	-0.0493426	0.0640277	-0.020029	0.039252	-0.00626329	0.0236213	0.048592	-0.0704775
0.0485815	0.0277262	-0.0167822	0.0290889	-0.0241047	0.0398538	-0.085724	-0.0643176	0.0619503	0.0506182
0.141424	-0.0576567	0.046103	-0.0146891	0.205065	-0.0822785	-0.123136	0.0193588	-0.00947595	0.0522186
0.205063	0.0359089	0.00638587	-0.0294923	0.0778658	0.0105367	-0.206245	-0.0524526	-0.111787	0.253081
0.243351	-0.110222	0.0502519	0.0683383	-0.0757452	0.0304971	-0.150991	-0.0940867	-0.215475	0.209455
0.0291093	-0.045548	-0.0978626	-0.0644048	0.0786705	0.0588127	-0.140163	-0.0538091	-0.0635859	0.222878
-0.0383496	-0.0652398	0.0756513	0.0254683	0.092759	-0.0304691	-0.212558	0.0409408	-0.0599009	0.156784
0.0239546	0.0273611	0.0368212	0.0205748	0.0295373	0.134399	-0.256659	0.0100628	-0.124274	0.102021
0.0746997	0.010969	-0.124392	0.000909642	-0.0715422	-0.0783271	-0.202059	-0.0376344	-0.0457335	-0.0625687
-0.0504718	-0.0277267	0.136251	0.0320451	-0.0641486	0.0731226	-0.278496	0.0335815	-0.0959537	0.0247309
-0.0553016	0.0542813	0.081696	-0.0233723	0.0129294	-0.0266913	-0.26099	-0.0737045	-0.125993	-0.0679097
0.013383	0.168105	-0.186203	0.097419	-0.0254984	-0.120632	-0.270828	-0.0147909	-0.0879345	-0.0914831
0.0987849	0.0368724	-0.139305	-0.0383447	0.0595724	-0.00870759	-0.141054	0.054884	-0.177072	-0.0318838
-0.0986851	-0.176571	0.0145218	-0.0871989	0.0321379	-0.124158	-0.206209	0.0607752	-0.0383219	-0.0496606
-0.023406	-0.195627	-0.0722676	-0.0342759	0.00279034	-0.184038	-0.0569021	-0.0509816	0.199541	-0.136813
0.00397117	-0.0625805	0.0413652	-0.0590363	-0.0276272	-0.0590898	-0.0174041	-0.0107787	0.0299744	-0.0183282
0.027841	-0.000849965	0.00482468	0.030407	0.0432238	0.0457763	-0.14381	-0.0462607	0.0797473	-0.0230497
0.0818349	0.0729889	-0.0607451	0.025661	0.150005	0.00928149	-0.204034	-0.0324449	0.133136	-0.0598009
0.0266333	0.080332	-0.107341	0.00835638	-0.081859	0.12505	-0.114597	-0.0599246	0.136454	0.0629153
0.106494	0.00633199	-0.133558	-0.0884468	0.0522057	-0.13198	-0.152569	-0.0351743	0.184339	0.109581
0.129236	0.0261607	-0.00964209	0.0388647	0.139632	0.0866357	-0.234982	0.0504715	0.179369	0.177624
0.127105	-0.0596874	-0.0303665	0.0715907	0.12126	0.105576	-0.262745	0.0752944	0.110675	-0.00718572
-0.0290493	0.0306825	0.0238622	0.0688134	0.0133857	-0.093288	-0.087713	0.0303972	0.153816	0.0834647
-0.078778	0.058769	-0.0216448	-0.130059	0.081304	0.0218903	0.080349	-0.0688364	0.103113	-0.00240054
-0.0905784	0.0599311	0.019514	0.0160876	-0.0984059	0.056466	-0.0152228	0.0158778	0.117652	0.0445382
-0.0741845	-0.0192307	-0.0536294	-0.0123159	0.000697574	-0.00982716	-0.0550361	0.00793338	-0.0474137	0.0049424
-0.0162868	-0.00479417	0.0652023	-0.0587891	-0.0539729	-0.00525758	-0.00979394	-0.0392858	0.0573426	0.011944
-0.010971	-0.0461225	0.040922	0.0412555	0.0573731	-0.0521109	-0.0633858	-0.0186288	-0.0682176	0.0591311
0.0327012	-0.0327456	-0.00747372	-0.0705824	-0.00160441	0.0462101	-0.0118071	-0.0131767	-0.061815	-0.0618358
-0.0130354	-0.0630628	-0.0545949	-0.0488409	-0.0081716	0.0573077	-0.0372787	0.0542811	-0.0136873	0.0460245
0.0718469	-0.0310581	-0.0428744	0.0643339	0.0999308	-0.0648173	-0.202387	0.0326923	-0.0504969	0.0731367
0.133193	0.00293965	0.0846802	-0.0194048	0.161033	0.127008	-0.09093	-0.065499	-0.0915347	0.139794
0.0416539	0.105346	-0.0518645	-0.094082	-0.0459921	0.0117654	-0.14997	-0.156005	0.0974752	0.0326658
0.0852958	0.0204744	-0.0812336	0.0667716	0.0575047	0.134514	-0.149022	-0.0845007	0.0802057	0.222619
0.0748365	0.0212695	-0.144044	0.0287636	0.0813858	0.0914981	-0.235662	0.0780051	0.0519833	0.0955721
0.0323464	-0.0140103	-0.0308446	-0.0594117	-0.0216747	0.101126	-0.244664	-0.0454686	-0.0733553	-0.0358334
0.0407075	-0.121177	-0.00958562	0.0439752	-0.0150839	0.0520625	-0.100811	0.0369081	0.113486	-0.107399
0.0278198	0.0870166	-0.0377017	-0.0205545	0.134019	-0.0466285	-0.187888	-0.0180388	-0.0300999	0.017461
-0.015905	-0.13015	-0.0783263	0.0881884	-0.0708381	0.0898669	-0.29317	0.008353	-0.157547	-0.0787845
0.0931356	-0.0358563	-0.112328	0.0334414	0.0232844	-0.154071	-0.139032	-0.0391353	-0.00644399	-0.0367184
0.0591883	-0.0591156	-0.0714326	0.0527902	0.00222373	-0.0701008	-0.255191	-0.0843754	0.0680722	-0.0828021
0.100712	0.0154586	-0.0989135	0.0378638	0.0450988	-0.0881993	-0.183849	-0.0328834	0.00204469	-0.0608911
0.0824045	-0.0363576	-0.134679	-0.0159246	0.0119525	-0.035428	-0.230284	0.141465	0.0385338	0.0260571
0.0650307	-0.0441923	-0.0984498	-0.0942168	-0.0154282	-0.103491	-0.0803691	0.0345578	-0.0345744	-0.0252167
-0.0318737	-0.0126337	-0.0322386	0.0276599	0.125042	0.0108587	-0.219765	-0.0693072	0.220416	-0.107121
0.0581881	0.125034	-0.157596	0.0644682	0.0739847	0.00386197	-0.0639669	0.0114161	0.0642626	0.0325153
0.0630498	0.0760006	-0.111698	0.0147826	-0.00843718	-0.0895809	-0.0095543	-0.00270201	0.100791	0.0517408
0.112755	0.0709328	-0.129206	-0.0345728	-0.0982842	-0.0312763	0.0470841	-0.094804	0.109993	0.110564
0.00452627	0.0485338	0.0550498	-0.0544433	-0.108092	0.0672509	0.0139986	-0.0888609	0.0686794	0.0541697
0.151531	0.0871817	0.0843482	0.101759	0.100385	-0.0112929	-0.0524148	-0.00960843	0.144006	0.0331715
0.0673199	0.00101485	0.0142883	0.00756764	0.149305	-0.14521	-0.111109	-0.0476788	0.0881521	0.100773
-0.0240757	-0.0207756	-0.0388052	0.0424136	-0.022772	-0.0413876	0.0190486	-0.0379755	0.0623209	0.0949935
0.069811	0.032918	0.0301981	-0.0645952	-0.0635735	0.0410957	-0.0179635	0.018846	0.0445197	0.0310417
-0.0243933	-0.048456	0.0899303	0.0666744	0.0698089	0.00993837	-0.0269042	-0.052815	0.0579629	-0.0701667
-0.0634269	-0.0152767	-0.021733	0.0573754	0.0561805	-0.06721	0.0279988	0.0463119	-0.0654475	-0.0179694
0.0387437	-0.0246292	0.0596347	0.014496	-0.0404618	0.0494199	-0.0100319	-0.019682	0.0307401	-0.0234739
0.0148691	0.0454109	0.0333683	-0.0444137	0.0108642	0.045021	0.019153	-0.0208469	-0.0512818	0.0217584
-0.0236211	-0.0746518	0.0407613	-0.0130896	-0.0332874	0.00135521	-0.0116117	-0.0273679	0.0460292	0.0363328
0.118547	-0.0292553	-0.0117181	0.0401505	0.0759633	0.0335927	-0.0603404	0.00298263	-0.0231743	0.0946999
0.0628453	-0.0117369	0.0979387	-0.0273708	0.0727685	0.0246118	-0.172334	-0.0393997	0.0752244	0.069377
-0.0128737	0.120683	0.0435333	-0.123266	0.0608397	0.0228622	-0.173491	0.00394022	0.111497	0.144453
0.00757937	0.00174745	-0.119566	0.07596	-0.0277812	0.0678861	-0.0597354	0.0184799	0.10586	0.0834013
-0.0337139	-0.0297652	-0.0577831	-0.0306642	-0.0401597	-0.0653052	-0.0757924	0.0420235	0.0681598	0.111588
-0.0271059	0.0735372	-0.0382842	-0.0526458	0.00637436	0.044294	-0.0312323	-0.0778778	-0.0808471	0.0365852
0.105197	-0.0228994	-0.0553352	0.00731246	0.00887238	-0.0536379	-0.0334339	0.112183	0.00597972	-0.010048
-0.141215	-0.154662	0.00310066	0.0357602	-0.00530185	-0.0509384	0.022485	0.033206	-0.053057	0.0215976
0.0998752	-0.0702431	-1.76665e-05	0.00607327	-0.0828563	0.0335277	0.0992311	0.0472569	0.0382222	0.0348058
-0.012133	-0.236651	-0.0358473	0.0859648	0.100587	-0.0636431	0.0573417	0.0613392	-0.0877944	-0.0130002
0.0087127	-0.0684993	-0.0259603	0.138368	0.0287922	-0.058098	-0.106846	0.0276243	0.011002	-0.0125951
0.0881218	0.158625	-0.140365	-0.0712622	-0.149682	0.00763382	-0.0642883	-0.0437971	-0.0688323	-0.0245852
0.0387975	-0.0468589	-0.181572	0.0670417	0.103823	-0.0668806	-0.0599054	0.047242	-0.00609955	-0.055469
0.127318	0.00249735	-0.130676	-0.054725	0.0538871	-0.0821387	-0.0452088	-0.062555	0.0122378	-0.00531447
0.0497838	-0.0218415	-0.137091	-0.0896166	-0.0604905	-0.0239293	-0.0802516	-0.00313453	-0.049064	-0.00407196
0.00623542	0.102205	-0.0288263	0.0340577	0.0732139	-0.100773	-0.0396377	0.0855573	0.0382347	-0.0130495
0.136151	0.0805526	-0.135358	-0.0561093	0.0372944	0.0932213	-0.0814936	-0.0224121	0.133443	-0.0458986
0.0693383	0.149734	-0.0670618	-0.07204	0.0799854	-0.0679122	-0.0737456	-0.0452652	0.19141	0.0382129
0.0491483	0.170614	-0.0846913	-0.0243962	-0.0481587	-0.0269433	0.0261239	-0.0246474	0.223715	-0.0181134
0.188919	0.031977	-0.0369827	-0.0330609	0.0473599	-0.024522	0.120652	-0.0780387	0.119876	0.0943966
0.090429	0.00959491	-0.0457299	0.0253273	0.134248	-0.0909176	0.0915846	-0.0693287	-0.0349713	0.244714
0.0767419	-0.0459849	-0.0189965	-0.0325326	0.0202943	-0.142425	0.0132374	0.0854776	-0.0209951	0.0625385
-0.00311714	0.0241102	-0.037434	-0.0506527	-0.0675884	-0.0850672	0.0311388	0.0256842	0.0784357	0.0580592
-0.0610344	0.00196954	-0.0529835	0.015481	-0.070257	0.0401145	-0.0551065	0.00766595	-0.056755	0.0432509
-0.0698025	0.0441393	-0.0123226	-0.0187062	-0.0125427	0.0116112	0.0542101	-0.0417497	0.0696681	-0.030128
0.0524532	0.0463707	0.00391768	-0.0484402	0.0163228	0.00887004	-0.0139556	0.0444204	0.0360269	0.0481974
0.00387691	0.0639887	0.025472	-0.0153314	0.031865	0.00619746	-0.027011	0.0396611	-0.00848225	-0.0265786
0.0619769	-0.0631343	0.0354432	-0.0392884	-0.0659677	-0.0335817	-0.0593578	-0.016541	-0.00260531	0.0184796
0.0616729	-0.077111	0.0151059	-0.0290949	0.087343	0.0915166	-0.121939	0.0026707	0.0537062	0.0297847
0.0474699	-0.0604445	0.0834091	-0.03969	-0.010273	0.095966	0.0432036	0.0742691	-0.027983	0.103367
0.0520322	0.102075	0.0878653	-0.10995	0.0590635	-0.0115208	-0.0347445	0.0483476	-0.0243431	0.102337
0.176869	0.0396245	-0.0776444	-0.14044	-0.0348715	-0.0213506	0.0738306	0.00913922	-0.0321667	0.0608825
-0.00352909	-0.0307423	-0.135141	-0.100998	0.000181521	-0.0897609	0.0418197	-0.00208798	-0.0979333	0.161148
0.0292069	0.0801347	-0.128523	0.0729351	-0.0163806	-0.0333771	-0.0162179	-0.0627855	0.0182562	0.0651355
0.0626045	0.0829032	-0.156806	0.0404097	0.0986497	-0.0301356	-0.0394619	-0.0630301	-0.064322	0.125047
0.108484	-0.1606	-0.0355658	0.0963825	0.0995389	0.0313757	-0.102215	0.0372441	-0.0229563	0.091111
0.194295	0.072149	0.0842144	0.058542	0.0429064	-0.0235868	-0.0361965	0.012379	-0.0335636	0.26602
-0.0924513	0.108416	-0.0327632	0.148384	-0.0801281	-0.00607568	-0.0457159	0.0400155	-0.0318685	0.166181
0.0225177	0.0596109	-0.208977	0.0684979	-0.0242781	0.0453887	-0.0420694	0.0269804	0.108688	0.207448
0.120514	0.0451034	-0.223374	0.137097	0.00859331	0.00823732	-0.0736743	-0.0140265	0.0380826	0.0604783
-0.0175003	-0.0467406	-0.36466	0.0997789	0.0417977	-0.0105404	-0.143049	0.0799595	0.104598	0.0549942
0.0201712	-0.0824826	-0.387769	0.0611559	-0.132224	0.0515295	-0.136102	-0.041769	0.0656709	0.0756289
0.0803814	-0.0217888	-0.274956	0.00940282	-0.172395	0.0128557	-0.0311129	0.0110878	-0.141219	-0.00044737
0.0131448	0.0442235	-0.152052	-0.0262056	0.079153	0.0404677	-0.168996	-0.0241047	0.122674	-0.10223
0.217153	-0.0219151	-0.103703	-0.051405	0.0678952	-0.042588	0.0580488	-0.0955513	0.263811	0.0115106
0.250028	-0.0516125	-0.202042	0.0419323	0.139851	-0.196398	-0.042216	-0.0428426	0.323971	-0.0526425
0.0124383	-0.0272777	-0.0555491	-0.0159614	0.0547373	-0.140262	0.00975602	-0.0684826	0.363024	-0.0519062
0.0611906	0.0264031	-0.211086	0.127909	-0.0456534	-0.192079	0.101083	-0.0561736	0.280253	0.159016
0.0483388	0.0117025	-0.20106	0.0316266	0.0926688	-0.112461	0.0314349	-0.0659803	0.0929482	0.0693526
0.0309409	0.032167	-0.088904	0.017121	0.00520223	-0.13085	-0.0454781	0.0783945	0.0499334	0.0532963
-0.0340308	0.070364	0.00152298	0.0229291	0.027343	0.0153653	-0.030022	-0.0211382	-0.0300868	0.0696593
0.0288334	0.0582635	-0.0697629	-0.0105532	0.028857	0.0600339	0.028576	-0.045976	-0.00339754	-0.0656836
-0.0358391	-0.0604741	0.0279172	0.0488104	-0.0346873	-0.0170296	0.0644517	0.000182465	0.0360716	-0.0158864
0.0325856	-0.0171663	-0.0639828	0.0560046	0.00878488	0.0493936	0.0631865	0.00245243	-0.0115424	-0.0290699
-0.0631198	-0.0122612	0.00922588	-0.034129	0.0695989	-0.0637517	0.0238941	-0.0621461	0.0248708	0.03427
-0.0115095	-0.0226434	0.0242189	0.0624181	0.0372727	0.0554094	-0.0340595	0.011903	-0.0680884	0.0324561
-0.0216703	-0.070764	-0.0308183	-0.00501036	0.0750094	0.101288	0.0518592	0.0775702	-0.079892	-0.0153546
0.104464	0.0380517	0.0515772	-0.0788889	-0.00109057	0.000300016	0.0467038	0.0861952	-0.0506148	0.125287
0.0223549	-0.0513087	-0.0212923	-0.130953	-0.00262594	-0.0379875	0.0793443	0.0715602	-0.112867	0.0418596
0.15945	-0.0800593	-0.131763	-0.187114	0.0609558	-0.061428	0.0562768	0.0726077	-0.0943539	0.114282
0.255199	-0.0423168	-0.0977634	0.00222089	0.0612328	0.0227714	0.0559458	-0.00581443	0.000142953	0.0204298
0.101417	-0.0320737	-0.0469686	0.000786945	0.0704192	0.059828	0.0953288	-0.0969446	0.0413877	-0.0127228
0.160559	0.0589758	-0.135791	0.0301391	0.123331	0.0179633	-0.118165	-0.0946832	0.0740809	0.0241491
0.0173162	-0.0532482	-0.0930029	0.0627816	0.100596	0.075516	-0.0431216	-0.0494058	0.0502461	-0.00441585
0.0572545	-0.0866877	-0.220674	-0.0689982	0.0648865	0.125097	0.0210602	-0.102557	0.15321	-0.00982913
0.101759	0.031788	-0.282579	0.199374	0.0388476	-0.130436	-0.111031	-0.0683033	0.0788333	0.0286344
0.0346431	0.0252327	-0.354365	0.123792	-0.0136644	0.0364131	0.0107465	0.0674758	-0.00887298	0.121695
0.0955717	0.0573589	-0.219418	0.000720853	0.00685708	-0.0679354	-0.124593	-0.00467554	0.024042	0.0627549
0.0570447	-0.115971	-0.187219	0.0657186	0.0525832	-0.107595	-0.0945126	0.0198257	-0.092875	0.0581656
-0.0942249	-0.149567	-0.183462	0.184988	0.044086	-0.0284531	-0.146741	-0.0191241	0.0742736	-0.00471501
0.106711	-0.174215	-0.131387	-0.0577333	0.107407	-0.0957857	-0.129362	0.180751	-0.016012	0.028897
0.169799	-0.0459896	-0.174005	0.147394	-0.0125713	-0.0905751	-0.00138405	-0.0387274	0.0975931	0.0144562
-0.00809257	-0.0825093	-0.12052	-0.0159421	-0.16031	-0.0916082	0.0201931	0.146971	0.218858	-0.129442
0.068435	-0.018872	-0.134445	0.0357682	-0.0574185	-0.124756	0.0192685	-0.076874	0.148863	-0.0127783
0.0194831	0.0177185	-0.0738994	0.00884894	-0.0580035	-0.148144	-0.0116753	-0.0730116	0.0967201	0.0570166
0.163178	0.00125576	-0.120637	0.0752164	-0.0520609	-0.131145	0.0377187	-0.0190529	0.032434	0.0170941
0.115533	0.0147855	-0.0924719	0.0361995	-0.0526866	-0.0776172	0.0450124	0.00995065	0.0439042	-0.0755106
0.0868069	-0.067736	-0.0336488	0.0272753	0.0215224	-0.102862	-0.0412958	0.00164319	0.0336315	0.07419
-0.0636159	-0.0279326	0.0730805	-0.0556627	0.0362815	0.0323145	-0.0135343	0.0437566	0.0473343	-0.0743411
-0.0285905	-0.0552337	0.0327671	0.017819	0.00292436	0.0287375	0.0637659	-0.00224859	0.0410195	-0.0360305
-0.0674841	0.00136645	0.070274	0.0302191	-0.0207145	0.0633086	-0.018598	0.0609508	0.0597182	-0.00356451
0.0227185	0.0008603	0.0348408	0.00568854	0.000542246	-0.0579823	0.0223731	-0.0446394	-0.059718	0.0697372
-0.0368273	0.027104	0.0575467	0.0125569	0.0644688	-0.00333109	0.0484017	-0.0583584	0.046328	-0.0528789
-0.0599904	0.0032383	-0.0158225	0.0406263	0.00115225	0.0447139	0.00899976	0.0152383	-0.0142403	-0.0195259
0.0644956	-0.00376179	-0.0173672	-0.0155792	-0.0247622	0.0283875	0.0165167	0.0633836	-0.0714512	0.0384933
0.00437719	-0.0022887	0.0606095	-0.076779	0.0427224	0.0131675	0.0647412	-0.0451212	-0.0945846	0.0735351
0.0861681	0.00836352	-0.0858879	-0.155356	-0.0176325	0.0852351	0.0997112	0.0474527	-0.129303	0.0880507
0.125785	-0.1065	0.0277452	-0.0419115	0.100245	0.0373202	0.0858447	0.0102159	-0.035749	0.0480111
0.0913805	0.0141107	0.0438536	-0.110699	-0.00993282	0.0429958	0.080475	0.0131779	-0.0307118	0.0972716
0.144022	-0.000901367	-0.0197019	-0.128188	0.0831979	-0.123654	-6.24622e-05	0.0883597	-0.0749582	0.169543
0.100185	0.0216555	-0.138661	-0.15016	-0.0401708	-0.122601	0.0867267	0.0108344	0.0506079	0.161889
0.249758	-0.0521829	-0.0614812	0.0287371	0.0524543	-0.0537504	0.0410006	0.0152157	0.151851	0.0501309
0.158497	0.0345206	-0.0542217	-0.0498576	0.0736305	-0.130436	0.036877	0.0152501	-0.0483599	0.148003
0.217876	0.0117503	-0.108479	-0.107353	0.0622685	-0.069127	0.0184551	-0.0316143	-0.052632	0.152547
0.180558	-0.0496089	-0.0139875	0.0564725	-0.0713042	-0.0278658	0.0176231	-0.165842	-0.0325849	0.172218
-0.0621642	0.0119714	-0.0493878	0.0117915	-0.168258	-0.0915969	0.0710329	-0.0178441	-0.00318128	0.170342
0.0119892	-0.00511074	0.0324524	0.147763	0.0874392	-0.174574	0.00420715	-0.0780207	-0.0130944	0.169881
0.0288457	-0.0630422	-0.0726419	0.112507	0.0667587	-0.0941256	0.0853327	0.153637	-0.0571479	0.264774
0.0685085	-0.0170094	-0.110164	0.117545	0.0579591	0.104606	0.00277879	-0.0247377	0.141191	0.138053
0.16802	-0.0477458	-0.139157	0.10461	0.00394248	-0.0353163	0.0326219	-0.0113236	-0.0475571	0.179707
0.201007	-0.0833182	-0.218012	0.10233	-0.000660534	0.031281	-0.0261488	0.217497	-0.0860107	0.200542
0.0285911	-0.0582617	-0.0970511	0.00184611	-0.0917302	-0.0615369	0.0596989	0.0706436	-0.0411354	0.201213
0.0431583	-0.0848179	-0.0718481	0.0197066	0.0335893	0.0585742	0.0737535	0.0182428	0.0152251	0.0522673
0.158487	-0.0945823	-0.107478	0.113128	-0.0618227	-0.0556927	0.102536	-0.108443	-0.0931567	0.0139357
-0.00237743	-0.054877	-0.0340734	0.0485911	0.0361948	0.0490386	0.101922	-0.00544213	-0.0378136	-0.0609463
-0.0197072	0.0597572	0.0210614	-0.0320077	0.0531247	-0.0440079	0.0127117	0.0471769	-0.0567692	-0.0380248
0.00829713	-0.0260376	0.022664	-0.00485377	0.0473395	-0.00589367	-0.0546293	0.0115274	0.0212862	0.00538955
0.0516643	0.0400182	-0.0672835	0.00698795	0.0446658	-0.0352187	0.0404445	0.0519409	0.0117744	0.0573642
-0.00163475	-0.0123274	0.0670875	0.0704681	-0.0389327	-0.052633	-0.0448108	0.0231914	0.0121094	-0.0670099
-0.0551696	-0.0646389	0.000984257	-0.0464165	0.0422305	0.00168313	0.0309821	0.0189903	0.00260412	-0.0210972
0.0068219	0.0168478	-0.0350996	0.0708319	0.0674205	-0.032483	0.0663556	-0.0180973	-0.0624915	0.0655449
0.0111001	0.0293947	-0.018351	-0.0532908	-0.0238755	-0.0372801	-0.0449872	-0.0718596	0.0680643	0.0329767
0.0274892	0.0114317	0.0341677	0.0514763	0.0376419	-0.0476843	0.00818179	-0.0163829	0.0627189	0.0632351
-0.060518	-0.0156215	-0.0159223	0.0127755	0.00154922	-0.0148328	-0.0138649	-0.0747538	-0.0332374	0.0515898
0.0575318	0.0319221	-0.00679851	-0.0726739	0.055771	-0.0334086	0.0319916	0.00974221	0.0281608	0.00603298
0.0218029	-0.0819125	-0.0468549	-0.0632509	-0.0390509	0.0633753	0.16487	0.073474	0.0718198	-0.0209956
-0.00862022	-0.039004	-0.0276445	-0.161611	0.0276337	-0.0204274	0.112215	0.11587	-0.0283466	0.113236
0.0521242	0.0611185	-0.0638382	-0.071119	-0.0556431	-0.00614316	0.14094	0.11188	-0.0695191	0.0543783
0.051217	-0.00899087	-0.0726612	-0.0740024	-0.0969936	0.116477	0.203777	-0.0513188	-0.0278262	0.1858
-0.0445103	0.0396263	0.0106051	-0.0857904	0.0329911	0.13586	0.0659489	0.052658	0.014786	0.175233
0.0756947	-0.0386593	0.0109973	0.0291114	-0.0293715	0.0921913	0.0155335	0.051951	-0.0766764	0.165525
0.0250498	-0.0187389	-0.0642897	0.0465474	0.102663	0.177823	0.100497	-0.0215531	0.000459382	0.181021
0.130759	0.0421051	-0.0616278	0.125323	0.0591573	0.125741	0.0548579	0.0493253	-0.0495237	0.266052
0.0334139	-0.0128021	0.0373634	0.0434505	-0.06926	0.16341	0.211641	-0.0394005	0.0481931	0.368966
0.104617	-0.0698027	-0.0186584	0.0620126	0.0535058	0.164724	0.114949	0.0187459	-0.0168873	0.218736
0.13239	0.00389495	0.0394417	0.0648	0.0557615	0.115904	0.0415495	0.0125782	-0.0487708	0.217325
0.0719726	-0.0720166	0.0116453	-0.0465502	-0.0094855	0.140636	0.0972665	-0.0182281	0.0491196	0.203485
0.0670528	0.0189115	-0.0947163	-0.0134139	0.0372816	0.177638	0.0575025	0.0144153	-0.0241429	0.187457
0.0873951	-0.0802432	0.037944	-0.0271056	0.0545606	0.00719213	-0.0348205	0.0848295	-0.0343104	0.146988
0.0939215	-0.06576	0.0337443	-0.0455304	-0.0414031	-0.0296123	0.102504	0.0586253	-0.0270837	0.0589697
0.0765786	0.049695	0.0369593	0.0212604	0.0725602	-0.0695133	0.111824	0.081254	0.0324207	0.0949662
0.0639288	-0.00444586	0.0575351	-0.0889533	-0.0505743	0.0187951	-0.0118534	0.0620543	-0.0143324	-0.0155174
0.0550972	-0.0589333	0.0699691	0.0164054	-0.0142393	-0.0556295	0.0470493	-0.00510687	0.0388061	0.0542002
-0.0201712	-0.00459616	0.0259879	0.00302393	-0.0153167	0.0354268	0.0335882	-0.070628	-0.0473095	-0.0369448
0.00709161	-0.0269856	0.0479365	0.00184043	0.0253407	0.0339505	0.000406902	-0.0146231	0.0490329	0.0167454
0.0596391	-0.0328501	-0.0384337	-0.0250406	-0.0086953	0.021136	-0.0144953	-0.0700509	0.04316	0.0306172
0.0567381	-0.0353572	-0.063078	-0.0497231	0.00172746	-0.0138195	0.0210577	-0.0708114	0.00963352	-0.0381681
-0.0139976	-0.0153659	0.0663044	-0.00285215	0.0307881	0.0644689	-0.0718326	0.0557839	-0.0315913	-0.0597009
-0.0698818	-0.0352992	-0.00833241	-0.0516138	0.0561851	0.0173471	-0.0217011	0.0383751	0.0390787	-0.0695352
-0.038587	-0.0362031	-0.0404236	-0.0302377	-0.0716121	-0.0659636	0.0323531	0.0653053	0.0639781	-0.0124666
-0.0540796	0.000224949	-0.000190474	0.0312803	0.0324463	-0.0538117	3.55763e-05	0.00699811	-0.0565511	-0.0385485
-0.0152913	0.0246793	-0.0280019	-0.0567542	-0.0561147	-0.0221708	-0.021593	0.00364916	-0.0213078	0.0389439
-0.0172116	-0.0447302	0.0152394	-0.066555	0.0350743	-0.0534271	-0.0642952	0.0378153	0.0373533	-0.0521995
-0.0386284	-0.0461875	0.0566771	0.0332091	-0.0539743	0.0179393	-0.0446878	-0.00246039	-0.0565275	0.00771382
0.0291323	-0.0579339	-0.0344672	-0.0732451	0.0520714	0.0745574	0.0432334	0.0503948	-0.000651567	-0.00732611
-0.0609296	0.0319023	0.0166608	-0.0356817	-0.0591223	0.0633579	0.0134859	-0.0188452	-0.0671908	-0.0241164
0.0143025	-0.0447735	-0.0591094	-0.00954378	-0.0240747	0.0608004	0.0233614	0.0266879	0.0517685	-0.0395138
-0.0161484	0.0641132	0.0405203	-0.0319963	-0.059329	-0.0130421	-0.00786633	0.00447204	-0.0236022	0.0456573
-0.017614	0.052604	-0.00974363	-0.0535177	0.0631056	0.0704957	-0.0314364	-0.0685161	0.051844	-0.0369954
-0.0299776	-0.0305964	-0.00360459	0.0559414	-0.00614356	0.0944961	-0.0338225	-0.0283632	0.0748254	0.0600736
0.0492072	0.0331202	-0.0459612	0.0570209	0.0101673	0.0730586	-0.0168979	-0.0432077	0.0227737	0.0443491
-0.00141595	0.00728107	-0.037389	0.0141158	-0.0485482	0.0363028	0.101862	-0.0138671	0.0817018	0.104807
0.0433056	0.0510274	0.0520295	-0.0673927	0.0546428	0.130945	-0.0192344	-0.0593559	0.0712165	0.0224817
-0.0368741	0.0247667	0.0685671	-0.0423738	0.00875975	0.0681699	-0.0458751	-0.00462393	0.0576452	0.0274704
0.0379002	-0.0735496	-0.0289666	-0.07313	-0.0224039	0.0141146	0.0644056	-0.0288038	-0.0103205	-0.0256696
-0.0352516	-0.0305969	-0.016242	0.0358944	0.0152986	0.0763832	0.023191	-0.0742389	0.0510534	0.0172947
-0.0610883	0.0109231	-0.0644774	0.0457135	0.00213184	0.0222265	0.0298184	-0.00757109	-0.0288032	0.0552796
-0.0262551	0.0564339	0.007309	-0.061814	0.0694912	0.0507954	-0.0053697	-0.0609061	-0.00177642	0.00307689
-0.0555511	-0.0262837	-0.0554815	0.0190727	-0.048751	-0.0521928	-0.0518118	-0.0203353	-0.0221204	0.0312476
0.00379544	-0.0363709	-0.042466	-0.038714	0.00494453	0.0300904	0.0311445	-0.0371384	-0.0408843	0.049931
-0.0105956	0.0672464	0.0545256	-0.0494673	-0.0399188	0.0261803	0.0232773	0.0284772	0.0571543	-0.0662251
-0.0380879	-0.0517504	-0.0178931	0.0409585	0.064769	0.0275737	-0.0233887	-0.0218854	0.0332914	0.0484545
0.0262276	0.0459	0.0227158	-0.0661452	0.0340492	-0.036592	-0.0427423	0.0439557	0.0695621	0.0110803
0.0333431	0.00422465	0.0430684	0.00689098	-0.00256094	-0.0444306	-0.06992	0.0321746	0.0719818	0.018773
0.0688257	0.00636526	0.0288975	0.0356119	-0.0104107	0.0182811	-0.0376683	0.0344103	-0.00537299	0.0650517
### size: 10 ###
-0.151734	0.0605535	0.11072	0.939274	0.109372	0.288195	0.99274	-0.160422	0.264458	0.260333

### size: 10, 10 ###
-0.161098	-0.370639	-0.366708	-0.447186	0.0484168	-0.277164	-0.75999	-0.33936	0.903835	0.854124
0.0154114	-0.418738	-0.561917	0.206457	-0.148772	0.717283	0.933864	-0.0842635	-0.165001	-0.912515
0.238064	-0.869659	-0.0770081	1.24333	0.10047	0.262679	-0.281531	-0.438657	-0.67009	-0.413319
0.61848	0.505888	0.432038	0.432014	0.441798	-0.339796	0.134287	-0.202607	0.889485	0.579569
-0.0565081	-0.788601	-0.464677	-0.581976	0.163172	1.06686	-0.548728	0.259449	0.578118	-0.397602
-0.741354	1.331	0.0145103	0.0162097	0.643832	0.272799	0.0247181	-0.335687	0.0823444	0.386971
-0.78168	0.713641	0.4872	-0.254415	-0.942382	0.315789	0.0140198	-0.150881	0.00685114	-0.441089
-0.0359226	-0.321917	-0.664336	-0.207329	-0.0543292	0.828062	-0.140952	-0.231568	0.121091	-0.477786
-0.427817	-0.10348	0.580103	0.590401	0.627988	0.106457	0.0646598	-0.115275	-0.612286	-0.0664324
1.02586	0.0996494	-0.0643526	-0.0153179	0.427969	1.21067	-0.222655	-0.153946	0.332263	0.237116
### size: 10 ###
-0.129057	0.342507	-0.26215	0.456573	0.346989	-0.230785	0.155309	-0.00137823	0.11439	0.142347

### size: 10, 10 ###
0.149003	0.49918	-0.4849	-0.535491	-1.09518	-0.089749	-0.627149	0.372837	0.233569	-0.474246
-0.231406	1.26556	-0.101174	0.733241	-0.218119	-0.491013	0.173216	-0.795334	0.51152	-0.222661
-0.346563	0.478834	-0.183022	-0.0403925	-0.131346	0.767756	0.00894219	-0.514815	-0.157236	0.644462
0.409695	-0.0655993	-0.235012	-0.546676	-0.338349	0.605864	0.687735	0.844326	-0.17025	0.26499
-0.689185	0.00153586	-0.31355	0.491779	0.686246	0.682915	0.576846	0.700178	-0.402564	-0.476393
0.753498	0.146101	1.14646	0.614416	1.01682	0.347609	-0.707387	0.942055	0.182266	0.0208734
-0.184095	0.137639	-0.484893	0.432739	0.522329	-0.526484	0.643694	0.0073049	-0.472904	-0.477619
0.109259	0.431739	-0.413344	-0.248553	-0.0661738	0.158795	-0.0687021	0.414558	-0.44477	0.0651251
-0.184465	-0.37905	-0.246158	-0.173377	0.828201	0.120742	0.0783541	-0.288155	1.12147	0.00234902
-0.623693	-0.549903	-0.143827	0.100935	-0.00259913	0.662555	0.329341	-0.588429	0.432899	0.129715
### size: 10 ###
0.346865	-0.25156	-0.080459	0.110252	0.218806	-0.419047	0.389405	0.165424	0.0864017	0.011809

### size: 10, 10 ###
0.0137951	0.175267	0.423864	-0.374273	0.669387	-0.455182	-0.116752	0.156172	0.571102	-0.459525
-0.0427404	-0.439069	0.30685	-0.44208	-0.0685413	-0.77321	0.077991	-0.496653	-0.323469	1.02604
-0.171447	0.141443	0.679378	0.13743	-0.688983	-0.344038	0.385536	0.0500655	0.63523	-0.690595
0.406105	0.295052	0.321082	-0.12014	-0.0680184	0.498544	0.909979	-0.0425166	-0.723356	0.581586
-0.0109277	0.641117	0.615333	0.313614	-0.273306	0.847189	0.819264	0.0584585	-0.552405	-0.759871
0.467939	-0.775439	-0.000398841	1.15143	-0.425625	0.0368176	-0.166315	-0.150105	0.763819	0.275366
1.02142	-0.112945	-0.238803	-0.0139225	0.633305	0.577875	-0.0223996	-0.134106	0.0909571	-0.0526016
-0.480484	-0.339112	0.315633	-0.510549	-0.595378	0.379489	-1.12559	0.486454	0.350311	-0.275279
-0.235687	0.766935	-0.142928	0.66325	1.03972	-0.279154	-0.0095408	-0.217511	-0.0624806	0.137289
-0.195978	-0.285125	-0.432668	0.0139082	0.388779	-0.182129	0.428207	0.201219	0.235727	0.102365
### size: 10 ###
0.105666	0.22969	-0.266431	-0.388513	0.382973	0.024262	-0.133133	0.00722657	0.423171	-0.044156

### size: 10, 10 ###
-0.243325	0.0585389	-0.584727	-0.267429	0.0910808	0.418941	0.67664	-0.440568	0.437657	-0.146829
0.245339	-0.158694	-0.0395931	0.180469	-0.254847	0.24012	-0.248872	0.639819	-0.657941	0.0541958
-0.301902	0.310307	0.289315	0.252273	-0.39415	-0.294776	-1.10662	0.879143	0.353474	0.0129307
0.77201	-0.955216	0.0353591	0.399765	-0.744452	0.56369	0.108309	-0.682298	0.4384	0.0644246
0.280391	0.199247	0.171939	-0.470246	-0.10806	0.179039	0.156704	0.818119	-0.58977	-0.637371
-0.719992	1.00317	0.2777	0.119031	-0.0498012	-0.111523	0.336517	-0.427147	0.0830181	-0.510986
-0.919263	-0.0200829	-0.542155	0.471565	0.2035	0.388095	-0.460491	0.0183974	-0.19513	1.05556
-0.00608184	-0.037068	0.420928	-0.0841975	-0.0669269	0.0129496	0.0143864	-0.143348	-0.0675562	-0.0430859
0.166852	-0.866451	0.451772	0.110143	0.507898	-0.216319	0.442217	-0.271968	-0.565257	0.241128
0.0463682	-0.248403	0.044667	-0.351721	1.06705	-0.548874	-0.488177	-0.076646	0.224175	0.331566
### size: 10 ###
0.45828	0.280592	0.0649893	-0.632993	0.199792	0.429914	0.611656	0.269589	-1.15735	-0.524463
