model: 10-10
### size: 784, 10 ###
0.066987	0.0290509	0.0727939	-0.0407678	-0.0202334	0.0349286	0.0722965	-0.0267481	-0.0529252	-0.0168912
-0.0261316	-0.0194527	0.0305299	0.0582656	0.00496708	-0.0367986	0.0250194	0.0089875	0.00619737	0.0573048
0.0499164	-0.0282515	0.0190999	0.0262418	0.068493	0.0573217	0.0644019	0.0207057	0.016696	-0.0396474
-0.00203377	0.0447313	0.0501251	0.00505026	0.0375363	-4.70502e-05	0.0510103	0.0174322	0.0526521	-0.0390707
-0.0142437	0.0181127	-0.0519772	-0.0549281	-0.0121109	0.0082853	0.0642567	-0.0132131	0.0344774	0.0721446
0.0606814	-0.07252	0.0686288	0.0566638	0.0290475	-0.0586071	0.010692	0.0465991	0.00886583	-0.0217293
0.00633333	0.055274	-0.056193	-0.0682128	0.0659494	-0.0307602	-0.00845142	-0.035092	0.0141105	0.0226106
-0.0326617	0.0521217	0.0566153	-0.0313035	0.0232332	0.0687472	0.0432199	-0.0466713	0.0414444	0.068448
-0.0199752	-0.0600269	-0.0227415	0.0103524	-0.0487005	0.0191651	-0.0632736	0.0601378	-0.059911	-0.043777
-0.00408408	-0.00859157	0.0386689	-0.0709451	0.0263047	-0.0326755	0.0151436	0.00669586	-0.0422644	-0.0529877
0.0391962	-0.00370116	0.00278304	0.0646653	0.0208983	-0.00899061	-0.00527358	-0.0365758	-0.0354169	-0.0694729
0.0629803	-0.0156918	0.0215881	-0.020859	-0.0567403	-0.00749243	-0.00452563	-0.0643179	0.0461017	-0.0306744
0.0216416	-0.0486912	0.00699337	0.0227382	0.030837	0.0318061	0.00814656	-0.0161366	0.0431033	-0.0653243
0.0592768	-0.00537667	0.0261633	0.038416	-0.0469972	-0.000136217	-0.000223862	0.0639513	0.0583975	0.0234605
0.0276237	-0.0311147	0.0586141	-0.0648702	-0.0113186	0.0418109	0.0622137	-0.0498841	0.00849069	-0.00698679
0.0362596	0.0493998	-0.0661861	0.000816792	0.0129403	-0.0638065	-0.0691916	0.0134866	0.0348605	-0.0713794
0.0702322	-0.0661425	0.00972815	-0.0583249	-0.0217927	-0.0153669	-0.016415	-0.0141717	0.0626125	0.064359
-0.0465589	0.0335653	0.0262333	0.0558984	0.0117762	0.0289432	-0.0362204	0.0455678	0.00916079	-0.0276274
-0.0182562	0.0468569	0.0590309	0.0609072	-0.0393935	-0.0510092	0.0385416	-0.0247626	0.0614314	-0.0145966
-0.0468817	-0.0585319	-0.0547991	0.0187331	-0.00354539	0.0294575	-0.0579134	-0.0593168	0.0327708	-0.0187616
-0.0311064	0.0552505	-0.0677532	-0.0701606	-0.0265451	-0.0181847	0.0723656	0.0458769	0.0206024	-0.0504365
0.0339274	-0.0309588	-0.0190557	-0.0703723	0.0514025	-0.0277405	0.00916352	-0.0595723	0.0426089	-0.0685475
-0.0646772	0.0320777	-0.0682532	-0.00253375	0.0307996	-0.00283898	0.0438372	0.00711937	0.0149879	0.0377529
-0.0711147	0.0624473	0.0172588	0.0438246	-0.0710586	0.00922849	-0.0428412	-0.0333868	-0.0173138	0.0726901
0.0713572	0.038421	-0.0623539	0.0690336	0.0706973	-0.0378297	0.00014804	0.0284983	-0.0341863	0.0677583
0.0580391	0.0037112	0.00109511	-0.00893415	-0.0713299	0.0512797	0.0263885	0.0662936	-0.036925	-0.0526155
0.0258315	0.0197289	0.0165337	0.061848	-0.0640855	0.032289	0.0689909	-0.0633613	0.0136831	-0.0497558
0.0720268	0.052588	-0.0196549	0.0720856	-0.025692	-0.0116111	-0.0657859	-0.0193141	-0.048594	-0.0495021
-0.0180228	-0.0398565	-0.0302137	-0.0118519	0.0445346	-0.0711962	-0.0510194	0.0696546	-0.0668493	-0.0727814
0.0536446	-0.0572798	0.0560659	0.0222314	-0.0479636	-0.070445	-0.0518054	-0.0479637	0.0572214	-0.0436823
-0.00478185	-0.0502472	-0.0449691	-0.0213895	-0.0541598	-0.0141634	0.0510883	-0.0322269	-0.0109358	0.0323877
0.022762	-0.0263134	-0.059159	-0.0679751	0.0132966	-0.0512037	-0.0333054	0.0702585	0.047845	0.0712088
0.071783	0.00916262	-0.0435279	-0.0107345	-0.0234856	0.0596291	-0.0133193	-0.0717488	0.00693331	-0.0556635
0.0291736	-0.0717397	0.0172382	-0.00621274	-0.0479274	0.0260388	-0.0619556	-0.0162483	-0.0325842	-0.0335369
0.0634425	0.0478282	0.0464165	-0.0618668	-0.068834	-0.0249131	0.0449005	0.0211777	0.0493677	-0.0165573
-0.0200467	0.0473198	-0.0508138	0.0113149	0.0708886	-0.0923892	0.0138244	0.0230387	-0.00764039	0.0390216
0.0163962	0.0989665	0.0341337	-0.00913503	0.0419345	-0.105964	-0.0880862	0.0266118	-0.00246244	-0.0332878
-0.0295884	-0.0128543	0.040717	-0.0822297	0.0374316	0.0476677	-0.0351505	0.040522	-0.0048009	0.0692807
-0.0403509	-0.0366747	-0.00454784	0.0386241	-0.00359903	-0.0179975	0.00580617	-0.00604433	0.064101	-0.0313848
-0.0325801	-0.000584294	0.0424656	0.0709124	0.0120192	0.0402292	0.00715571	-0.00046278	0.0123892	-0.0691784
0.0427996	-0.0392725	0.0307384	0.0170844	0.0405543	-0.0734278	-0.0751383	0.0140166	0.0102751	0.0531562
-0.0455327	-0.03519	-0.0193563	0.00725109	0.062118	-0.0816167	-0.0795758	0.0206809	0.00271739	-0.0410515
-0.0104243	-0.0658691	0.0131851	-0.0583852	-0.0261204	-0.0104291	0.0363447	-0.0548827	0.0721331	0.0604597
0.066972	-0.00607082	0.0366885	-0.0453963	0.0151876	0.00379134	-0.0548162	-0.0576857	-0.0492557	0.00562636
0.016533	0.0241676	-0.022429	-0.0819493	0.10579	-0.0700001	-0.0271663	0.0567236	-0.0370357	-0.0266479
-0.00167409	0.0761736	-0.0100772	0.0484253	0.0746047	0.00733186	-0.0108383	-0.014529	0.0354141	0.0486391
-0.0716602	-0.018109	0.0132804	0.0204887	0.0503277	-0.00933383	-0.00845146	-0.0153897	-0.0120078	-0.00541488
-0.0522	0.00821305	0.0653304	-0.0129948	-0.0717661	-0.0597288	-0.0306609	-0.0430596	-0.028379	0.0201186
-0.00217629	0.0532266	-0.00257971	-0.0364055	-0.0294921	0.0208655	-0.0387761	0.0438827	0.0636291	-0.0699092
-0.0688338	-0.0695441	0.0637425	-0.0665484	0.00293311	-0.0592574	-0.0297931	0.0328898	0.0115732	-0.0327525
0.0276312	0.0677303	-0.00577854	0.0518701	-0.0297873	-0.0813074	-0.0166642	0.0451741	0.0788748	0.0198102
0.0720691	-0.0307116	-0.0233018	0.0226797	-0.0543418	-0.0561275	-0.0144013	0.0472963	-0.0306957	0.0642422
0.0458815	-0.0201236	0.0541685	-0.0421455	0.0153231	0.0197251	0.0607202	-0.0510504	-0.0113533	0.0285045
-0.0253286	-0.0683253	0.0236159	-0.0627392	-0.0411767	0.0128174	-0.0584059	0.0521975	0.0397386	-0.00288381
-0.0632417	0.0118109	-0.0424822	-0.0120029	0.0638825	-0.0407458	-0.0697191	-0.0719165	0.0253199	0.036929
0.0114018	-0.0270919	0.067591	0.0579973	0.0344845	0.0247039	0.0137474	-0.0169799	0.00293539	0.049355
-0.0562335	-0.0181685	0.00960998	-0.0205564	-0.000436216	-0.00994414	0.00326855	0.0642003	-0.00813474	0.0618964
-0.0340617	-0.04295	-0.0123097	-0.0484786	0.0336591	-0.0301249	-0.0224673	0.0713283	-0.00627574	-0.0490301
0.0385595	0.0572895	-0.025526	0.0166487	-0.0259836	-0.0303133	-0.00526025	0.0584429	0.0544326	-0.0243945
-0.0361116	0.0103779	0.0688472	-0.0189028	0.0120976	0.0315894	0.042467	0.0544794	-0.0233627	-0.0160963
0.0281281	-0.0197924	-0.0631529	-0.0348978	-0.00143934	-0.0120175	-0.0446334	-0.0162232	0.0340972	0.0666617
0.0329941	-0.0421748	-0.0412611	-0.00885348	-0.0270602	-0.062439	0.00799288	-0.0647626	0.0231536	-0.0726127
0.0189093	0.0536686	0.000110126	-0.0213522	0.0464749	-0.0609364	0.00238536	0.0588108	-0.0413696	0.0410644
0.0481797	0.00528341	0.00679934	0.00587287	0.0226786	-0.11646	0.0384742	0.0244979	0.121823	0.0331016
-0.00200143	0.11016	0.0988951	-0.0691542	0.0802684	-0.0615771	-0.059874	0.00609121	0.0766815	-0.0147589
-0.00661918	0.0121033	0.0519512	-0.00331193	0.0675155	-0.136022	-0.0656264	0.0847551	0.13711	-0.036884
0.0680759	0.120643	0.0631951	0.0161847	0.0622408	-0.122366	-0.055478	0.0580453	0.160881	-0.012158
-0.0634595	-0.00688328	0.0790763	0.02793	0.074192	-0.132641	-0.0548396	-0.0384901	0.09178	0.0335198
0.0517303	0.069612	0.112979	-0.0469197	0.0527465	-0.150806	-0.0489729	0.0773974	0.0892022	-0.00914565
0.0292346	0.0514424	0.051669	-0.0955877	0.0334879	-0.0795387	-0.122518	0.0336719	0.19619	-0.0239616
0.0732145	0.0378307	0.0594925	0.0199462	0.0361423	-0.136809	-0.0286864	0.0827028	0.210417	-0.0148302
-0.049161	-0.0562569	0.0301088	-0.0514669	-0.061378	-0.0641558	-0.06416	0.0775012	0.179986	-0.0675549
0.0580259	0.052873	-0.00203468	-0.0267672	0.0402103	-0.08962	-0.0412787	0.0491781	0.0573876	0.0280956
0.0148705	0.0721974	0.000945665	0.0970873	-0.0067221	-0.0946642	0.0287114	-0.0988766	0.058788	0.0317675
0.0381821	-0.00891127	-0.00470984	0.043137	0.0156098	-0.0637004	-0.03852	-0.0613038	0.145112	-0.0253659
-0.0158132	0.0435288	0.0504272	0.0472266	-0.111807	-0.0860168	-0.0272211	-0.0375759	0.0528583	-0.0354752
-0.0047858	-0.0130782	0.0840717	0.062208	-0.0336806	-0.00208332	-0.066733	0.0719111	0.0434535	0.0161356
-0.0084257	0.0739575	0.0508833	0.00548864	-0.0268227	-0.0457731	-0.0545107	0.0529255	0.0413795	-0.0319978
0.0189244	0.0201365	0.053945	0.0326661	-0.0350513	-0.0851682	-0.0347141	0.0748752	-0.00504098	-0.0381782
0.0334369	-0.0121285	0.0507815	0.0176779	0.0546372	0.0443295	0.016552	0.0318279	0.063071	-0.0233488
0.0698319	-0.0607532	0.0390697	-0.0988675	0.018681	0.058475	0.0511155	0.00183065	0.033049	0.0812868
0.0557283	-0.0432034	-0.0174393	0.00310723	-0.0280589	0.00998808	-0.00970379	-0.0370859	0.0159767	-0.0141715
-0.0233821	0.0445397	0.0409109	-0.000825023	-0.00174423	0.0428262	0.0222304	0.0585856	0.00840665	0.0111407
-0.0718694	0.0506868	0.0691584	0.00507718	-0.0724384	0.0201693	0.0582474	0.0427772	-0.0387069	-0.0263003
0.0543092	-0.0364766	-0.0200141	-0.0300199	-0.0434594	-0.0102345	0.0234802	0.0412502	-0.0573855	0.0631481
-0.0394985	0.0371733	-0.0260136	-0.040997	-0.0635667	0.038089	-0.0549173	0.0241514	-0.0702374	0.0362207
0.0169902	0.0595497	-0.0102042	0.0599685	0.03867	0.0349354	-0.0246398	0.0290982	-0.0361904	0.0661977
0.0573419	-0.0502175	-0.0174901	-0.0315018	-0.0637114	0.0619153	-0.0120495	0.0481992	0.0161128	0.0503315
0.0354682	0.0280056	-0.0611205	0.0558141	-0.0195256	-0.0642274	-0.0460048	0.0617874	0.0425048	0.0430517
-0.0186507	0.0430441	0.027333	-0.0591751	0.0055265	-0.0382081	0.0780675	0.0227274	-0.0549402	-0.0234958
0.0207588	0.0362193	-0.0504693	-0.0727286	0.0141796	0.0111077	-0.025403	-0.00234941	0.0729149	0.0631677
0.060862	0.00812659	0.066931	-0.0662561	-0.0490747	-0.136485	0.0713923	0.0781501	0.142093	0.0855677
-0.0213789	0.0766274	-0.00947239	-0.0073941	0.0184778	-0.137352	-0.0754396	0.0311718	0.0371775	-0.0155469
-0.0380908	0.102189	0.0919057	0.0109523	0.143481	-0.277957	-0.0231202	0.000348366	0.123945	0.0316166
0.070103	0.10984	0.0462742	-0.00136619	0.0973979	-0.335267	-0.015327	0.0788413	0.11825	0.00567426
0.0890035	0.155552	0.00893976	0.0242815	0.18926	-0.262131	-0.0162548	0.0260371	0.210929	0.00216561
0.0918335	0.0973199	0.00965952	-0.0309636	0.147601	-0.362224	-0.0327872	0.0945553	0.0868022	0.125377
0.167752	0.174037	-0.0139321	-0.065238	0.172838	-0.475972	-0.140333	0.199528	0.140011	0.0954404
0.103374	0.021578	-0.043331	0.0707192	0.153724	-0.38911	-0.0207817	0.00455278	0.0607703	0.0814042
0.0164292	0.0619415	-0.0779027	0.0434732	0.0571561	-0.344959	-0.131941	-0.0352038	0.126133	0.0263186
0.010165	-0.0381278	0.0287309	0.0215368	0.197186	-0.298652	0.00385202	0.0123112	0.094154	0.0841449
-0.0318182	-0.00127538	0.0514132	0.122376	-0.00488123	-0.270453	-0.00376271	-0.0969262	0.0351003	0.0295533
0.0934137	0.0210105	-0.0217128	0.02895	0.00390209	-0.175204	-0.112057	-0.102588	0.15764	0.00391658
0.0859849	-0.027925	0.0350811	0.0676154	-0.069755	-0.119146	-0.0944549	-0.0769489	0.0557347	-0.0271172
0.138691	-0.0135627	-0.0652102	0.105061	-0.155505	-0.140034	-0.00489469	0.0850483	0.0565386	-0.0239744
0.0774376	-0.0190743	0.00737519	0.113387	-0.0281853	-0.0274061	-0.036141	-0.033579	0.152637	-0.0195579
0.0226887	0.0527667	0.0613093	0.0804634	-0.0350038	-0.0226877	-0.0291779	-0.00628261	0.0690641	-0.0200536
0.0727907	0.0368989	-0.0840482	-0.0293103	-0.139503	0.00787609	-0.0624196	-0.0264706	0.145589	-0.064236
-0.0314472	0.0405988	0.0359233	-0.0419781	-0.0826989	0.0439413	-0.000839636	0.00984141	0.0851103	0.0369446
0.0538175	-0.0306407	0.0036492	-0.0114723	-0.00832613	0.0066495	0.0376151	-0.032197	-0.048906	0.0890668
0.0210874	-0.000593005	-0.0492159	0.00525861	-0.0442541	0.050826	0.06731	0.0650666	-0.0304094	-0.0679063
-0.0574389	-0.00579603	0.016536	0.0404399	-0.0213704	-0.013564	-0.051549	0.0434813	0.0656464	0.0708031
-0.0715464	-0.00248575	0.0202665	-0.0387362	-0.0509229	-0.0486587	0.0320339	0.0369069	0.0255325	-0.0275443
-0.0382586	-0.071515	-0.00649937	0.0175088	0.0220657	0.00771009	-0.00838044	-0.024272	-0.0541972	0.0620822
0.0500971	-0.0528029	0.0510712	-0.0234424	0.048712	-0.019329	0.0035257	-0.0231562	0.049216	0.00515163
-0.0397639	-0.0615039	0.039745	-0.0216886	0.0438941	0.0398975	0.0315949	-0.0126408	-0.00129276	0.00548583
-0.0102418	-0.0234733	0.0382881	0.0143781	0.0247283	0.0538005	-0.0521049	-0.00428325	0.0264219	0.0391569
-0.0595642	-0.0481089	0.062824	-0.0879909	-0.00395605	0.0489989	-0.00559301	0.0459613	0.00123127	0.140723
0.0203313	-0.0100727	0.0710365	-0.0474493	0.0375331	-0.0892099	0.0413017	0.0973961	0.0827177	0.118495
0.00240268	0.0248255	0.000946321	-0.0611136	0.0880013	-0.00796272	0.102694	0.00706156	0.0587913	0.083983
-0.0122573	-0.074789	0.0102674	-0.105019	0.104671	-0.111149	0.163978	0.0522869	0.0720888	0.143477
0.0556942	0.0594042	-0.0247441	-0.0141104	0.181964	-0.185679	0.124961	-0.00022839	0.0942763	0.150952
0.0781859	0.103377	-0.0789298	-0.0586562	0.191966	-0.253475	0.117292	0.00277122	0.156041	0.133736
0.0415598	0.137967	-0.038387	0.00999075	0.173693	-0.0895276	0.131999	0.0209784	0.140036	0.200105
-0.0146726	0.00519078	0.00308995	0.0209662	0.201155	-0.0505952	0.0691663	0.016351	0.188663	0.168196
-0.0856505	-0.114146	-0.013542	0.0555741	0.128653	-0.0860755	0.0671882	0.0740507	0.138133	0.116333
-0.0169656	0.0895117	-0.0556337	0.0471179	0.23859	-0.0723433	0.0331285	0.00364997	0.169247	0.0815384
0.019161	0.13372	-0.0870975	0.00974399	0.170035	-0.09796	-0.0734525	-0.0117069	0.038553	0.165391
0.0449857	-0.0139969	-0.0907158	0.0353524	0.204456	-0.0134296	-0.171433	-0.101656	0.113836	0.19581
-0.0063682	0.0670912	0.0175109	0.0842335	0.097036	-0.0500157	-0.14067	-0.124585	0.0498736	0.0451488
0.0422185	0.0497367	-0.0389582	0.136617	0.250821	-0.0469658	-0.109216	-0.168579	0.00375683	0.176282
-0.0136158	-0.11347	0.00832437	0.0517593	0.125769	-0.0453584	-0.176773	-0.0724742	0.119677	-0.0170822
0.0502403	-0.0738353	-0.0143385	0.0348242	0.105535	-0.022405	-0.152568	-0.105602	0.15382	0.0348614
0.163244	-0.103504	-0.090012	0.0826899	-0.0230134	-0.0435152	-0.0876302	-0.0581531	0.0512462	0.0041054
0.161108	-0.0169893	-0.0555028	0.0760265	-0.0955767	-0.135371	0.00961797	-0.0378858	0.0749321	-0.0678237
0.0124814	-0.0880655	-0.105825	0.0662384	-0.217349	-0.0332581	-0.0480595	-0.0113807	-0.00451978	0.00263966
0.0640468	0.0729492	-0.166451	0.0262583	-0.0637712	0.104363	0.0512649	-0.0786965	-0.124855	0.000388879
0.0206021	0.0637603	-0.0102843	0.0569946	-0.0387803	0.104783	-0.0381419	-0.0557151	-0.022532	0.0646555
0.022332	0.0218663	-0.0691053	0.049634	0.0539321	-0.00298272	-0.0562845	-0.0320052	0.0247344	0.00703976
-0.0426355	0.0678532	-0.0377158	0.0524159	-0.0728006	-0.0699672	-0.0509859	0.0260993	0.0171042	-0.0313604
0.0421104	0.0138618	0.0288535	0.0104794	-0.0180909	-0.0406027	0.0612289	0.0205808	0.0105583	-0.013037
-0.0125079	0.0560092	-0.051766	-0.00314921	-0.00319959	0.0524003	-0.0695482	-0.0459955	0.0374606	-0.0415251
0.00633088	-0.0376148	0.0569734	0.010819	-0.0644651	0.0246186	0.0480127	-0.00367868	0.0633442	-0.0306585
0.0191587	-0.0183308	-0.0726705	0.0152002	-0.0506845	0.033374	-0.00264678	-0.0224525	-0.0141302	0.0475655
-0.0620106	-0.000839311	-0.0509669	0.0107207	0.104106	0.0854615	0.0437156	-0.000501855	0.077705	0.0134718
0.0413602	-0.152628	-0.0606188	-0.0663365	0.0689864	0.051195	0.0615652	0.159339	-0.0449262	0.124371
-0.0267987	-0.0889402	-0.0124002	-0.0574124	0.00855587	0.11995	0.090209	0.0231541	-0.0351389	0.0979062
-0.0258751	-0.0393683	-0.0102908	-0.0412905	0.0732573	-0.0491725	0.210338	0.125518	0.137195	0.139839
-0.109903	0.0430989	0.0791882	-0.0674324	-0.0159677	-0.0135488	0.143763	-0.00578434	0.0280743	0.0208133
0.0742178	-0.0321527	0.0174672	0.0737222	0.0941951	0.0908022	0.0331926	0.0490604	0.154101	0.119885
0.111137	0.0557198	0.0871026	0.114287	0.119512	-0.0705471	0.120855	0.023713	0.00492728	-0.0179349
-0.00753345	0.0813241	0.0305071	0.159856	0.141709	0.0719006	0.129758	-0.0702658	0.111997	0.076877
0.119483	0.0786724	0.0896313	0.229366	0.232703	0.160523	0.100241	0.0627675	0.143023	0.0456766
0.082539	0.159824	-0.00441566	0.0727616	0.0866802	0.010326	0.0933163	0.0648523	0.0792094	0.221011
-0.0790044	0.118805	0.0291822	0.162643	0.0638338	-0.00838384	-0.0480931	0.08707	0.130041	0.0775632
-0.0524536	-0.0136588	-0.0607363	0.0334352	0.0744656	0.06055	0.040102	0.145027	0.109122	0.0991252
0.102531	0.035584	0.0770216	0.00736718	0.156516	0.0116287	-0.18825	0.100459	-0.00498119	0.0564623
0.00193531	0.0377143	0.0317856	0.119073	0.0657839	-0.127765	-0.152047	-0.0723268	0.105886	0.0801094
0.0222793	-0.00278147	0.0545954	0.0848333	0.00311153	-0.0735562	-0.0681616	0.0133041	-0.0208215	0.143573
0.0167478	0.0285428	-0.00735647	0.106415	0.0553582	-0.147807	-0.102821	-0.0416063	0.0908406	0.0930465
0.0612202	-0.0365246	0.0608238	0.0729716	0.113722	-0.0505527	-0.175902	-0.101239	0.0335023	0.0767992
-0.0426	-0.000708998	0.0033919	-0.0696158	-0.00872222	-0.0491164	-0.136608	-0.0854028	0.0997369	0.0318975
0.0381694	-0.114802	-0.099792	-0.00165258	-0.00625448	-0.0813838	-0.211859	-0.0686228	0.0414561	0.0111481
0.105492	-0.103623	-0.125153	0.027476	-0.137226	-0.114944	-0.111007	-0.069497	0.0012238	0.044419
0.0607798	-0.0278241	-0.0726293	0.0900378	-0.0623452	0.0138189	0.00815949	0.0572782	0.0301305	0.107624
0.0870157	0.102376	-0.0800394	-0.00612207	-0.118569	-0.00684497	-0.101305	-0.0115944	-0.0584876	0.0533798
0.0613872	-0.0354928	0.0124428	-0.0589717	-0.0641234	-0.00599956	-0.0754121	0.0307487	0.0769042	0.0606356
0.0691335	0.00476422	-0.0152445	0.0436943	0.0619	0.0123421	0.0522572	-0.00786657	-0.0135822	0.0302954
-0.0320456	0.0164069	-0.0514158	0.0219433	0.0691328	0.0151268	-0.00256819	-0.0200809	0.0620582	-0.00568015
0.0654975	-0.0571539	0.0126293	0.0691871	-0.0216002	0.0516389	0.0674685	-0.0539208	-0.0605952	-0.0620712
-0.031364	0.0229023	-0.0704177	0.027217	0.0775537	-0.0159813	-0.0322743	0.0365434	0.018403	0.0600168
0.0345398	0.00790565	-0.0619551	0.00155094	-0.017172	0.0683683	0.0183455	0.044233	-0.0424198	0.0332892
-0.0353063	-0.0873263	0.06133	-0.0288531	0.0153885	-0.00927567	0.0447197	0.102054	0.0717757	0.13684
0.0792909	-0.0488775	-0.0783737	0.0740081	0.179667	0.0526286	0.0678565	0.107087	-0.0628727	0.0913161
0.0576845	-0.0269871	-0.0741286	-0.100478	0.195518	0.0639659	0.118583	0.0691675	0.000483875	0.0493559
0.0115327	-0.0258256	0.0539766	0.0230393	0.1311	-0.00972156	0.125914	0.039446	0.0918263	-0.162706
-0.0251777	-0.0108429	-0.000659241	0.129632	0.0933432	0.115087	0.0412347	0.0480671	-0.0205746	0.0857063
0.020782	-0.0934074	0.047631	0.0358501	0.0948163	0.234685	0.0353679	-0.0332635	0.070111	0.0986121
0.0895472	-0.00270702	0.049427	0.00734347	0.0814231	0.105037	0.0712809	-0.0106832	-0.0287177	0.138704
0.0701325	0.105426	0.0386565	-0.0615646	0.199218	0.132728	0.0239678	-0.0386278	0.0169356	0.0854752
-0.0164748	0.141038	-0.00649428	0.0698667	0.0819482	0.108501	-0.0221353	0.034827	-0.0123082	0.116118
-0.0250238	0.101098	0.0235866	0.0950853	0.14927	0.126348	0.107025	0.00547098	0.0266673	0.192858
0.198256	0.160246	0.0877703	-0.0475935	0.000701289	0.202703	0.0976261	0.0173305	0.00884591	0.144398
0.0201393	0.091408	0.0570296	0.00923324	0.0989597	0.0527189	0.184962	-0.0382889	0.159058	0.117051
0.0865324	-0.00136125	0.0432358	-0.0785989	0.00189805	0.0239688	0.232891	-0.117479	-0.0683494	0.191612
0.10581	0.0371442	-0.0326033	0.0187435	-0.075433	0.157001	0.109477	-0.181106	0.00375572	0.0833896
0.0706945	-0.0457468	0.0372798	-0.141109	-0.0150592	0.0281397	0.109461	-0.096073	-0.107541	0.196384
0.0639232	0.116283	-0.101464	0.0967247	-0.0808322	0.0409319	-0.0417965	-0.160152	-0.0664542	-0.0149864
0.0378929	0.0573475	-0.0745658	-0.0357918	-0.000904396	0.0944714	0.00220105	-0.131013	0.0718446	0.078494
0.147364	0.0658405	0.00252897	0.000796357	0.0165393	0.0210745	0.0906654	-0.00487621	-0.0987187	0.0433227
0.010639	-0.0145502	-0.0374291	0.0202683	0.0691622	0.0416006	-0.122654	-0.1155	-0.038192	-0.0992241
0.0827481	-0.148736	-0.114803	0.15011	-0.0476965	-0.0933367	-0.138212	-0.113703	-0.0127854	-0.117254
0.0726078	0.00426887	-0.13848	0.161063	-0.13377	0.0924307	-0.22141	-0.0694416	0.0125462	0.0969103
0.0820044	0.0871343	-0.12689	0.0473012	-0.0628707	0.117824	-0.147092	-0.0758294	0.000900312	0.0214648
-0.0609021	0.0729483	-0.0141341	0.00680062	-0.0706441	0.05786	-0.0226086	-0.0711197	0.0224538	0.0243747
-0.0574057	0.0294659	0.0020921	0.0674853	-0.0224855	0.0245006	-0.029521	-0.00952804	0.0226145	-0.0718578
-0.00991399	0.0648581	-0.026503	-0.0587162	0.0162053	-0.0600038	0.0514085	-0.0170436	-0.0719331	0.00761534
-0.00889893	-0.0232276	-0.0137696	0.0278159	-0.0424777	0.00575512	0.00151002	0.000845807	-0.0231484	-0.0201483
-0.0612083	-0.0208245	0.0323937	-0.00912554	-0.00254457	-0.0167391	-0.0256781	-0.0477421	-0.0921943	-0.00340413
-0.0577554	-0.0272669	-0.0092763	0.00565466	0.0705487	0.100483	0.0913602	-0.0228866	-0.0735436	0.054438
-0.0745946	-0.0215103	-0.0112494	-0.0988019	0.162586	-0.0553116	0.143163	0.0873695	0.0843837	0.130625
0.110332	-0.0444373	-0.0527724	-0.013266	0.205652	0.0139588	-0.0335074	0.033034	0.0689149	0.0286705
0.0526979	-0.0882448	-2.5722e-05	-0.0548851	0.27353	0.0718777	0.0599345	0.0333938	-0.0604026	0.0419615
0.00230258	-0.00282304	0.0339764	0.0937321	0.179203	0.00934223	-0.0312218	0.0698249	-0.0604541	-0.0610352
-0.0257833	0.0487887	0.134665	0.0963577	0.137292	0.0597278	-0.158963	-0.0881725	0.0334264	0.123547
0.0754781	0.0863961	0.0801501	0.0590284	0.0409907	0.118143	-0.0509499	-0.00961056	0.00929246	0.0351861
0.0996157	0.0721342	0.0287135	0.0843637	0.185439	0.182227	-0.0667433	-0.118033	-0.0591745	0.0915768
-0.0299767	0.125899	0.138167	0.0712551	0.135914	0.0448344	-0.0379359	-0.0199857	-0.0892798	0.0423269
0.0881234	0.0757403	-0.0153969	0.00592034	0.0602106	0.128346	0.0890811	-0.0447372	-0.0708154	0.204474
0.00586118	0.127216	0.0806901	0.11165	0.0787594	0.22021	0.258865	-0.0730453	-0.0049249	0.117357
0.129002	0.0124753	-0.0217372	0.122176	0.0994032	0.0371877	0.084667	0.0724698	-0.0238102	0.213994
0.152573	0.0764213	0.0114911	0.114861	-0.0640162	0.0964084	0.292145	-0.110871	0.183079	0.251054
0.179418	0.0573998	0.126395	-0.0870455	-0.0643836	0.173993	0.161964	-0.100146	0.0124816	0.123591
0.171774	-0.0543904	-0.0330657	-0.0161633	0.0227265	0.04628	0.150093	-0.221092	-0.0700474	0.00426885
0.106496	0.0839092	0.04939	-0.0656073	-0.0232416	0.0861219	0.0663823	-0.261867	-0.0150379	0.0189678
0.0436406	-0.0335671	-0.00393657	-0.0492189	-0.0151699	0.0729626	0.0682142	-0.273341	-0.130569	0.042471
0.191157	-0.168044	-0.0421044	-0.115439	-0.0676042	0.178551	0.0290422	-0.0734844	-0.0936004	0.0197677
0.105674	0.108502	0.0375386	-0.0190923	-0.0548895	0.104318	-0.0926104	-0.198425	-0.0275862	-0.08715
-0.04477	-0.0127092	0.0417582	0.0433235	0.0472364	0.00995225	-0.135417	-0.0910549	-0.0734146	-0.0551218
0.0406943	-0.106437	-0.140622	0.147606	0.00639666	0.139734	-0.149337	-0.079923	-0.03905	-0.0460842
0.105265	-0.00374512	-0.26446	0.245001	-0.074426	-0.0114019	-0.21118	-0.0419635	0.0348199	-0.150816
0.0168919	0.027519	-0.09287	0.185706	0.0791783	0.0819712	-0.158788	-0.0644755	0.0154318	-0.0394762
0.000682468	-0.0577231	-0.00122875	0.045412	-0.0349735	0.0400994	-0.0692918	0.0150387	0.00696939	0.00486487
-0.0179726	-0.0326737	0.051678	-0.0477494	-0.0126205	-0.00213988	-0.0641566	-0.0682595	-0.0244319	-0.0297919
-0.0023102	-0.0431556	0.0446284	-0.055901	0.0708648	0.0392836	-0.0697287	0.00750249	-0.00176323	0.0599343
0.0184554	0.0345159	0.0582099	0.0507589	-0.0403202	0.00201661	0.000364328	0.00433306	-0.0846742	-0.0245733
0.0272501	-0.0768861	-0.0413631	0.0275508	-0.0688078	0.0118702	0.0426204	0.0207388	-0.0759859	-0.0474492
0.0302741	-0.0600898	0.021952	0.031511	0.0601509	0.105727	-0.0141742	0.0608608	-0.0411765	-0.0250657
-0.00598157	0.0162778	0.0641782	-0.201828	0.0565958	-0.0402634	0.15992	0.0889018	0.0850947	0.127482
0.00594273	-0.0569745	-0.036729	-0.0225446	0.00464702	-0.0278383	0.118254	0.0484406	-0.0699781	0.0387706
-0.0918799	0.0560965	-0.024104	-0.0126444	0.0198341	0.0488808	0.0355967	-0.0588284	-0.0380531	0.0436426
-0.0180949	-0.0846416	0.0958238	-0.0998227	0.0610427	0.149062	-0.111728	0.011407	-0.0271866	0.098654
-0.0513495	0.105269	0.0680402	-0.0797506	0.0650846	0.219018	0.0769758	-0.0725851	-0.136541	0.140105
0.069969	-0.0210352	0.0535348	0.0961517	0.157596	0.190953	0.085427	-0.0821337	0.0136305	-0.0667223
0.0465971	0.0894955	0.161798	0.0252559	0.18329	0.10917	0.0573432	-0.0516775	-0.0128046	0.126289
0.0510102	-0.0150091	0.14367	0.0610561	0.0522784	0.163107	0.0112388	-0.142335	0.00183652	0.120977
0.128933	0.118283	0.150074	-0.00231451	0.156441	0.0966214	0.00744562	-0.0534345	-0.0341196	0.154119
0.0399205	0.119869	0.1248	0.157229	0.0146811	0.0778742	0.0721805	0.015203	0.108467	0.21701
0.00950744	0.12767	0.0950926	0.0225971	0.0828045	0.176176	0.0747121	0.105106	-0.066589	0.210836
0.130555	-0.0183782	0.0722527	0.0718806	0.102041	0.154172	0.14426	0.0545916	0.0103578	0.132712
0.0542571	0.187197	0.0412193	0.0724124	0.107766	0.0310341	0.103402	-0.168088	-0.163395	0.218295
0.0833814	-0.0196525	0.100188	-0.101864	0.023026	0.00797361	0.0214932	-0.0553614	0.0404228	0.118508
0.04413	-0.06624	-0.0746825	0.05322	0.051804	0.16049	0.0142253	-0.131781	-0.168498	0.13105
0.0804866	0.0620377	0.022949	-0.0422312	0.0819265	0.0275757	-0.078679	-0.127385	-0.0493395	0.0767703
0.0657761	0.0937935	-0.00931069	0.0223108	0.0728751	-0.0240341	0.0033485	-0.0627795	-0.108068	-0.0851301
-0.0271806	-0.0520015	-0.0239388	0.0895336	0.102008	0.0646226	-0.109329	-0.149649	-0.0770278	0.0778666
-0.039692	0.0117563	0.00200762	0.105573	0.118409	0.0817738	-0.0457521	-0.0232906	-0.0473234	0.112968
-0.119211	0.111994	-0.0333856	0.115165	0.0341667	0.0991885	-0.149393	-0.106988	-0.182183	-0.197699
0.0501159	0.0775754	-0.261846	0.284293	-0.0817309	0.225854	-0.20851	-0.00760522	-0.165597	-0.167553
-0.0111717	0.0206532	-0.234587	0.267186	0.000179241	0.206748	-0.202644	-0.0262868	-0.0497156	0.0128117
-0.0177613	0.0531628	-0.0124416	0.0887236	-0.0456754	-0.0190235	-0.00456896	-0.0735609	-0.00731215	-0.0122411
-0.0492793	0.074702	-0.0213066	-0.055432	0.0156751	-0.0246629	-0.0707982	0.0300099	-0.0299243	0.0184279
-0.0447386	0.0709135	0.0193416	0.0717852	-0.0683856	-0.0247596	-0.00598366	-0.0408434	-0.00619825	-0.0236004
-0.0527675	0.00579448	-0.0657621	-0.064836	0.000870858	0.0120084	0.0764569	0.000308746	0.0203114	-0.00751723
-0.0658358	0.0338946	0.0682758	-0.040665	0.046608	-0.0129112	0.063907	-0.00486846	-0.037295	-0.0708612
0.00822842	0.0307154	-0.120154	-0.0689229	-0.00133334	0.141216	0.0280954	0.025967	-0.0953164	0.102505
-0.0358954	-0.0577041	0.0668034	-0.131513	0.0191825	0.0435679	0.183164	0.139447	-0.0415827	0.130855
-0.0851352	0.0535277	0.218629	-0.163493	-0.141566	0.0871544	0.0749322	-0.0172113	-0.0230424	0.0110445
-0.00201666	0.0740148	0.0184674	0.0179803	-0.0221263	0.155748	0.076022	-0.103315	-0.123821	0.182884
0.064818	0.0722224	-0.0161464	-0.0691305	-0.0240418	0.0637241	-0.0330552	-0.0360604	-0.0243243	0.165612
0.0943261	0.037507	-0.0170855	-0.189313	-0.0412209	0.219156	0.0462316	-0.0881036	-0.0133336	0.143761
0.0982852	0.153722	0.169338	-0.117932	-0.0354361	0.104416	0.102617	-0.0733435	-0.00029427	0.105578
0.069914	0.130492	0.21313	-0.00144985	-0.229742	0.0473728	0.111447	-0.159066	-0.043068	0.198955
0.158244	0.0596451	0.086588	-0.0234458	-0.418142	0.173792	-0.0250961	-0.179329	-0.100697	0.0502679
0.163712	0.0429525	0.169176	-0.0362438	-0.467451	0.0522218	0.132491	-0.0428909	-0.0870189	0.107602
0.124042	0.212217	0.101421	-0.00087826	-0.5178	0.101936	0.107533	0.190836	-0.0425896	0.120769
-0.0473277	0.251108	-0.0153951	-0.0238654	-0.24414	0.0844962	0.231477	0.447566	0.0458686	0.131364
-0.0826207	-0.0449692	-0.0678187	-0.091651	-0.0971332	0.0569968	0.21906	0.272109	0.0740948	0.159055
-0.181551	-0.047298	-0.0640814	-0.0922729	-0.0126826	-0.0260292	-0.00535583	0.0261403	-0.0911592	0.0700687
-0.243068	-0.00852927	-0.0382851	0.0717211	0.0187892	0.0929832	-0.0296682	-0.0594267	-0.24131	0.10889
-0.191439	-0.00446994	-0.00210861	0.134451	0.124123	0.0273941	0.019891	0.032168	-0.17832	0.046706
-0.199706	0.0609247	-0.0288905	0.135372	0.0691769	0.0118885	-0.0636915	0.00324128	-0.171071	0.0666241
-0.159812	0.0910898	-0.0659726	0.0933442	0.0212325	0.0428794	0.101945	0.0183514	-0.0753347	0.118735
-0.175533	-0.0634177	0.0618693	0.127177	0.00438292	0.0774165	-0.100401	-0.0161834	0.0672082	0.0381965
-0.163034	0.011523	0.043722	0.100012	0.0384164	0.0693088	-0.0781848	0.0307866	-0.0305309	0.123414
-0.184298	0.17687	-0.0648441	0.24847	0.0174051	0.0927904	-0.117221	-0.109015	-0.0956932	-0.0104076
-0.0990107	0.203537	-0.201366	0.304739	-0.00410593	0.22906	-0.178637	0.0541803	-0.177272	-0.00522709
0.0106859	0.0516497	-0.152623	0.180873	-0.0247667	0.202436	-0.351085	-0.00292465	-0.0768	0.0323604
0.0437985	0.0373613	-0.0416052	0.0820021	0.0573894	0.138788	-0.0368013	-0.0561957	0.0438277	0.0746104
-0.0543036	0.0459885	0.0502864	-0.0698079	-0.0338424	-0.0131804	-0.0416556	-0.0682169	0.014456	-0.0207367
0.0453517	0.00493865	0.0524107	-0.0705067	0.000458943	-0.0422751	-0.0496125	0.0194001	-0.0105974	-0.000495984
0.0487167	-0.0708783	0.0679024	-0.0330978	-0.0273835	-0.0381481	0.0615074	-0.0509341	0.0156413	0.00677367
0.0692624	0.0474866	-0.0274817	0.0299332	0.01122	0.0618566	0.0116607	0.0836486	-0.0843965	-0.0461522
-0.00314609	0.0408571	-0.0400774	-0.0246838	-0.0340181	0.0759902	0.0682246	-0.0701693	-0.14789	0.0947763
-0.00999955	0.0335532	-0.0349738	-0.0490076	-0.216341	0.0133988	0.0475072	0.105585	-0.0452604	0.073648
0.0125496	0.139891	0.135965	-0.0469485	-0.354814	0.0487615	0.0106735	0.0267391	-0.0629467	-0.0237741
-0.01548	0.139266	0.146054	-0.151829	-0.356117	0.0555142	0.0883846	-0.0459742	-0.0299037	0.0431159
0.0780397	0.0162413	0.083252	-0.0378612	-0.43659	0.0103716	0.0923387	-0.00191659	0.0502961	-0.0062786
0.166932	0.0783263	0.18556	0.0227951	-0.594925	-0.0225066	-0.00642477	-0.124407	0.00751381	0.083823
0.125305	0.0779305	0.0951097	-0.0057364	-0.763652	0.111142	0.0150018	-0.0301641	0.0300055	-0.0429541
0.0605774	0.00633701	0.0778282	-0.0443387	-0.752183	0.132491	-0.0910587	-0.023415	-0.054235	0.0563871
0.0555446	0.136252	0.0491937	-0.0388089	-0.626942	0.0348906	-0.0301644	0.0659482	-0.00983891	0.148065
-0.00107654	0.197485	-0.101851	0.0296857	-0.372917	0.132198	0.0383044	0.144954	-0.0666849	-0.0286393
-0.174333	0.336267	-0.156905	-0.16456	-0.341795	0.165768	0.0502741	0.448761	-0.0965865	0.085004
-0.290838	0.373432	-0.190088	-0.188603	-0.203704	0.158215	0.0387447	0.340648	-0.0481191	-0.0422492
-0.245639	-0.0349016	-0.241223	-0.1801	-0.0620949	0.0475223	-0.0170082	0.151909	-0.0539658	-0.0431325
-0.281692	-0.0176222	-0.170547	-0.26315	0.132503	0.0468548	0.0566378	-0.131826	-0.194724	0.0712416
-0.35106	-0.133567	0.0224729	-0.0990685	0.0571878	-0.115987	0.0632139	0.0100788	-0.0303715	-0.0742699
-0.363021	0.0840211	0.0408408	0.105315	0.0495325	-0.0847502	0.0382671	-0.049904	-0.0943014	0.0330773
-0.388536	-0.0892971	0.00903601	0.140398	0.0507961	0.1848	0.128337	-0.0398748	0.0145416	0.0635868
-0.249163	0.0395897	0.00516855	0.207689	0.0669182	0.0500594	0.0374302	0.0594926	-0.0955394	0.0892166
-0.308488	0.191734	0.0741079	0.103392	0.065747	0.0918664	0.095248	0.0729841	-0.132845	0.0985678
-0.217853	0.15393	-0.0677488	0.134879	0.0216531	0.0212828	0.0478279	0.121189	-0.118012	0.0557549
-0.198202	0.243152	-0.0599077	0.104953	-0.0853857	0.0887378	-0.159725	-0.072789	-0.020588	0.0243922
-0.118801	0.271414	-0.0860151	0.182441	-0.117094	0.138762	-0.309952	-0.104729	-0.138498	-0.0190843
0.00188193	0.0556258	-0.182774	0.158178	0.0887669	0.256967	-0.215105	0.050818	-0.188727	0.0879633
0.0141227	0.0191182	-0.0899947	0.00124021	-0.00506831	0.07274	-0.06377	-0.000964046	-0.0839435	-0.013655
-0.0193869	0.0697032	0.0435161	-0.00272339	-0.0551763	0.00801106	0.0360822	0.0593488	-0.0436619	-0.0447583
-0.0628219	-0.065887	-0.0274378	0.0293565	-0.00260702	0.0325716	-0.00435915	-0.0564541	0.0074392	-0.0514157
-0.0237689	0.0371682	0.0646122	-0.0299059	-0.064347	0.0706474	-0.0253838	-0.0281556	-0.0612072	-0.0384613
0.04278	0.0351814	0.0761546	0.0216638	0.0448705	0.00144548	-0.0295208	-0.0399251	-0.0913527	-0.0748259
0.0536569	0.0892406	-0.0322489	0.0237134	-0.0561251	0.102956	0.119361	0.0401415	-0.156175	-0.00639348
0.0384938	0.0729809	-0.105359	-0.0664919	-0.267251	0.0549908	-0.00835408	0.000605319	-0.0310593	-0.0314462
0.0511424	0.0529093	0.0413038	-0.0609383	-0.371416	0.0846931	0.050998	0.0549528	0.0358152	0.0395198
0.0599406	0.0931003	0.0529096	-0.073956	-0.453489	0.0749525	0.0715802	-0.0212051	-0.0674171	-0.0435455
-0.096395	0.133114	0.00459934	-0.0494181	-0.605628	0.131159	0.178249	0.00602761	0.120967	-0.0607257
0.0417267	0.150018	-0.0700733	-0.00329083	-0.742787	0.131802	0.0347356	-0.0438095	0.0977499	-0.0305547
-0.0108925	0.0437744	-0.0977489	-0.0752081	-0.57365	0.183164	0.123206	0.0604359	0.0746711	-0.075922
-0.0251284	0.0199823	-0.125787	0.02481	-0.317965	0.192484	0.225449	0.216199	0.035196	-0.0446239
-0.152866	0.212661	-0.0292575	-0.0135294	-0.0539395	0.135117	0.101505	0.298999	-0.0340104	-0.117676
-0.121098	0.144936	-0.188314	0.207734	-0.104053	0.253818	-0.00537998	0.456759	0.0145948	-0.257909
-0.124866	0.264235	-0.32842	-0.0808926	-0.0583572	0.132373	-0.079354	0.376124	-0.0690785	-0.0489605
-0.0935758	0.107239	-0.263023	-0.16854	-0.0544259	0.108718	-0.0287846	0.114599	-0.00239832	-0.10858
-0.109462	-0.313533	-0.310216	-0.226491	-0.0186625	0.158509	-0.0216293	-0.0202806	-0.0386593	-0.0312201
-0.109875	-0.127919	-0.221167	-0.169947	0.0487911	0.03453	-0.0968863	-0.215685	0.00820381	-0.126764
-0.0286823	-0.180609	-0.148146	-0.0148039	0.0250032	0.0438857	0.115192	0.00913603	-0.162911	0.148327
-0.0533558	-0.0726447	0.0117684	0.055215	-0.0472185	0.0273054	0.0736228	0.0537308	-0.119518	0.149788
-0.219873	-0.0200251	0.0534947	0.0117834	0.0345745	-0.0868292	0.0616633	0.00532392	0.039332	0.0424202
-0.205265	0.0543179	-0.113239	-0.0594267	0.102242	0.04255	0.189586	0.138316	0.0480784	0.104638
-0.273505	0.10083	0.0122726	-0.0403046	-0.0274891	0.0396031	0.228933	0.143284	0.0655961	-0.1536
-0.254278	0.242687	0.018821	-0.0469813	0.0517004	0.0539461	0.117188	0.123092	0.0064532	-0.0064649
-0.260503	0.294408	0.0193416	-0.0887595	0.0304979	0.0706212	-0.0427537	-0.0177009	0.192417	-0.0898793
-0.156088	0.363437	-0.0132594	-0.0138424	0.0935524	-0.0448114	-0.118896	-0.0759882	0.0924799	0.0490689
0.028998	0.0963436	-0.0277519	0.013525	-0.0206356	0.0907543	-0.217684	-0.0976554	-0.157421	0.102097
0.0395811	0.0435109	-0.00552601	0.0766341	-0.035939	0.0449486	-0.0534375	-0.0700096	-0.0636742	0.0589315
0.0378285	0.0551349	-0.0100369	-0.0632341	0.0119395	0.0249287	-0.0263434	-0.0110523	-0.05821	-0.00693705
0.0220016	0.0512124	-0.0662832	0.0406734	0.0480728	-0.0486488	0.0216576	0.011773	-0.0589692	-0.0231005
-0.0594684	0.074504	0.0695264	0.000799321	-0.0525001	-0.0341623	0.0236354	-0.0391818	0.0607795	-0.0162097
-0.00535983	-0.0341532	-0.0656835	-0.0757066	0.0105302	0.0843249	0.0296867	0.052976	-0.144117	-0.0126316
-0.0862569	0.0306367	-0.0505139	-0.0310095	-0.0019224	-0.0339606	0.0643385	-0.0496388	-0.13921	-0.0703899
-0.0886658	0.0869681	-0.0928627	-0.129426	-0.302348	0.138244	0.154619	0.0698974	-0.149614	-0.0621865
0.0557826	0.124781	-0.0824417	-0.135732	-0.317353	0.0361562	0.138332	0.0308958	0.0524409	-0.102647
-0.010882	0.147639	-0.186064	0.0974487	-0.396565	0.0405892	0.0583165	0.160504	0.0762263	0.016985
-0.0343896	0.0405725	-0.117111	-0.0600089	-0.335321	0.210283	0.0582769	0.217578	0.056781	-0.0676589
0.0260109	0.0616374	0.0344382	-0.0916425	-0.147388	0.0825986	0.118513	0.297398	-0.0976931	-0.201413
-0.0331619	0.183491	-0.082434	0.0636763	0.0790099	0.0850073	0.111666	0.327613	0.0937043	-0.138761
0.00772246	0.124499	-0.168169	0.378031	0.158628	0.13676	-0.0146364	0.313427	0.0662382	-0.108806
-0.0784131	0.0570214	-0.0983341	0.455582	0.220834	0.159546	0.0434092	0.329376	0.0906825	-0.261627
-0.0365402	0.0332094	-0.162322	0.367295	0.253979	0.0140121	-0.0627748	0.319528	0.13392	-0.109335
-0.0259881	-0.0594192	-0.218515	0.256949	0.119384	-0.0335314	-0.117783	0.145587	0.119037	-0.0159461
-0.048255	-0.150059	-0.212707	-0.0551287	0.0852892	-0.00708145	-0.0191936	0.0360197	0.0425538	0.1596
0.00477276	-0.17967	-0.212914	-0.0940278	0.0187119	0.152914	0.0176343	-0.200654	0.064628	0.16819
-0.058487	-0.168672	-0.0902945	-0.0190414	-0.031564	0.103369	0.0670427	0.0685241	-0.0094526	0.0406888
-0.0995446	-0.0390001	-0.141288	-0.0354945	-0.125403	-0.0316556	0.100476	-0.0952161	0.0510131	0.132436
0.0585288	-0.0326892	0.0102153	-0.00844392	-0.0369997	0.066306	0.0891867	-0.0570951	-0.0615809	0.139178
0.0209603	-0.0244465	0.0254574	-0.0168745	0.0237955	0.14536	0.129151	-0.0508509	0.0808362	0.0476054
-0.00227765	0.150188	-0.13237	0.0595481	0.0204894	0.006516	0.115561	0.0334057	0.0654494	-0.0133046
-0.06888	0.173269	-0.126182	-0.0710363	0.000253619	0.0228289	0.199784	0.0291894	0.213847	-0.0458638
-0.0771444	0.111469	-0.0588887	-0.0154982	-0.0607213	0.112694	0.287076	0.0885914	-0.0335432	-0.165807
-0.170681	0.23948	-0.0160723	-0.0224161	-0.114336	-0.0682049	0.151049	-0.0655408	0.270649	-0.215035
-0.199998	0.392989	0.0149478	0.0242786	-0.115918	-0.168376	0.0529277	-0.111531	0.116715	-0.120386
0.00488896	0.083998	0.0477712	-0.101985	0.0490644	-0.0274086	-0.00542637	-0.0444291	-0.0787611	0.108314
0.0202018	0.00969134	-0.00295665	-0.090215	0.0447046	0.084756	-0.0428141	0.0111963	-0.0638775	-0.0310261
-0.017952	0.0381597	0.0435654	-0.0610153	-0.0493942	-0.0201171	0.0281457	-0.0335739	-0.0410063	0.0373496
0.0480448	-0.0410041	0.060737	-0.0293529	-0.0276887	0.00628402	-0.027647	-0.0376388	-0.0615647	-0.0719525
0.0550559	0.0630411	0.0476286	0.0716874	-0.0313703	0.047379	0.0108013	-0.00439726	-0.080995	-0.0361272
-0.00183403	0.0428682	0.0292706	0.0489023	-0.031269	0.0764178	0.0122042	0.0618231	-0.030973	0.0375213
0.026294	0.0563362	-0.115947	-0.0211333	0.051052	-0.0576678	0.0287671	0.0106521	-0.0595308	-0.115913
0.00204665	-0.040468	-0.174479	0.0146169	-0.139013	0.12754	0.234888	0.0864434	-0.149423	-0.146234
-0.0424574	0.0169998	-0.260339	0.0746209	-0.0846026	0.190536	0.108094	0.145152	-0.0867581	-0.187138
0.0725961	0.0626891	-0.138539	0.102808	-0.117499	0.0946947	0.0179958	0.185102	0.0338696	-0.285599
0.0207739	0.189012	-0.211418	0.352488	0.227201	0.170698	0.0945897	0.318701	0.0164894	-0.179145
-0.0377348	0.0814826	-0.1748	0.284087	0.183519	0.166254	0.0181874	0.189017	0.209195	-0.129191
-0.121825	0.113791	-0.104403	0.29332	0.159846	0.062028	0.132235	0.368867	0.160336	-0.204193
0.0690932	0.100931	0.0755904	0.443782	0.285792	0.0669296	0.21866	0.353567	0.127739	-0.257292
-0.0166781	0.0175306	-0.0116471	0.34092	0.149802	0.045331	0.00689383	0.148957	0.00586031	-0.103711
0.0505723	-0.0654896	-0.140397	0.253026	0.147938	0.0327663	-0.210982	-0.0793857	0.0946312	0.00462267
0.0508682	-0.0375	-0.0483972	0.0532889	0.174615	-0.0402599	-0.0895258	-0.138383	0.114944	0.069854
0.170326	-0.0600271	0.0481487	-0.0427288	-0.00747379	0.197385	0.0649261	-0.0662517	0.200723	0.195317
-0.0259815	-0.0838344	0.051008	0.110502	-0.0333869	0.155445	0.0847805	-0.0874189	0.365999	-0.0295574
0.0734018	-0.0804486	-0.00819723	-0.0880805	-0.0188052	0.0333555	0.290122	-0.0241654	0.133001	0.0867806
0.0367592	-0.201984	0.0641383	0.0350152	-0.0165258	0.0112564	0.080816	-0.0638456	0.0889885	0.0622625
0.0104648	-0.00968505	-0.0471381	0.0469483	-0.0119392	-0.00561947	0.104938	-0.0363517	-0.0063268	0.0922341
-0.0026753	0.0347563	-0.147572	-0.0764161	-0.0775715	-0.0263909	0.157774	-0.0766697	0.184382	-0.0327316
0.138562	0.0364127	-0.089289	-0.0573153	0.035111	0.22778	0.184616	-0.0365296	0.157613	-0.0370175
0.0221547	-0.00909743	0.00337142	-0.0336358	0.114773	-0.0208769	0.148992	0.00564317	0.119375	-0.226752
-0.112652	0.0785919	-0.0123679	0.00979258	-0.151079	0.0671917	0.187357	0.0672433	0.0441907	-0.297516
-0.0717712	0.11552	0.103666	2.08924e-05	-0.199312	-0.157171	0.101862	0.0512052	0.116289	-0.290821
-0.0587728	0.162074	0.167919	-0.0459362	-0.0473588	-0.205209	-0.022689	0.128791	0.0710771	-0.118196
-0.0455305	0.0126188	0.100177	-0.122162	0.0369656	-0.03962	-0.000809003	-0.019123	-0.0456675	-0.00753465
-0.0448672	0.0156933	0.0332787	-0.044931	0.0040225	-0.0326066	-0.0189784	0.0290233	-0.0179961	0.0612023
0.0209872	-0.0598135	0.0961575	-0.0278128	0.0382309	0.03406	-0.0770408	0.0452303	0.0821655	-0.0585054
-0.0429439	0.0158069	0.0611015	-0.00508869	0.0501173	-0.00623635	0.0449299	-0.0727224	-0.0293793	-0.0456764
0.065378	-0.00678945	-0.00720658	-0.068512	0.00725957	0.045105	0.055884	-0.0406158	0.0515916	-0.0225146
-0.0222719	-0.0203762	0.00110854	-0.00719486	0.0261619	-0.00229281	0.0232483	0.0701112	-0.0360856	-0.0642954
-0.0643048	0.0138498	-0.138546	-0.0141195	-0.0281514	0.0358385	0.0966372	0.0552758	-0.0502113	-0.139871
-0.0465076	-0.0758811	-0.0882035	0.0847571	0.050425	0.0479078	0.233397	-0.0347049	-0.093808	-0.316761
-0.000381561	-0.00753855	-0.13385	0.145514	0.224338	0.0138141	0.154233	0.164427	0.0858504	-0.325882
-0.077422	0.0909702	-0.0413291	0.21341	0.161921	-0.0304289	0.155357	0.169382	0.0871054	-0.271231
0.00156031	0.103869	0.112134	0.42087	0.279035	-0.00396006	0.212474	0.0719063	0.0314147	-0.249266
0.0296315	0.0140118	-0.00751837	0.277839	0.0596064	0.04919	0.131841	0.201152	0.0528157	-0.226107
0.0909141	0.0584084	-0.038263	0.286654	0.176474	0.0563613	-0.0233105	0.226083	0.10128	-0.168285
0.106476	0.159118	0.00475525	0.130553	0.0259596	0.0157053	0.0441873	0.041291	0.0844365	-0.187677
-0.0628176	-0.0165293	0.0858428	0.0482213	0.0264449	-0.0889193	-0.0575384	-0.171203	0.222711	-0.0867766
0.0675384	-0.189146	0.0211177	0.140799	-0.0130156	-0.0351961	0.0089298	-0.10904	0.0569692	-0.0634528
0.0306012	0.090765	0.0967757	0.141296	0.0984237	0.00441708	0.00337592	-0.142321	0.185903	0.241473
0.135067	-0.0236209	0.096827	0.0337382	0.0666856	0.236725	0.0119665	0.0679341	0.330993	0.238823
0.149589	-0.0776914	0.0692046	0.100515	0.000963605	0.169562	0.100397	0.05086	0.245736	0.0541484
0.0453522	-0.139593	0.0391426	0.0717394	-0.0449055	0.0710708	0.0919033	0.0174748	0.224684	0.0470636
-0.00828666	-0.105353	-0.00187918	0.161022	0.0377528	0.159735	0.254622	-0.0427962	0.0218161	-0.0303449
0.0199503	-0.0499634	-0.00147326	-0.104903	0.0609864	-0.0670983	0.207215	-0.0783677	0.128185	-0.064802
-0.0941896	-0.156238	0.0283633	-0.164083	0.0017675	0.136295	0.187925	-0.00161178	0.0369678	-0.1302
0.0157215	-0.039391	-0.0199489	-0.134339	0.0251743	-0.0149118	0.121362	-0.0691395	-0.0176953	-0.18668
0.0672231	0.0524162	-0.0195053	-0.19586	0.104394	-0.0449808	0.113017	0.0764919	0.0406252	-0.103504
0.0363954	-0.0678837	0.0107035	-0.000990514	-0.0682321	-0.0314904	0.169824	0.0697678	0.0271172	-0.228705
0.0845193	0.0960569	0.0478826	-0.051131	-0.120734	-0.147901	-0.0055986	0.136106	-0.1277	-0.125461
0.022293	0.0766574	0.039303	0.0280909	-0.131021	-0.129786	-0.105934	0.127695	-0.0688601	-0.0852785
-0.0136136	0.0524288	0.145384	-0.0673114	-0.0366141	-0.0697392	0.0275892	-0.0322093	-0.00757226	-0.0318897
0.0541447	0.0614366	0.13152	-0.162409	0.132263	-0.0313524	-0.0244555	-0.00186616	0.0263908	-0.0200707
0.00889162	-0.0351553	0.0373233	-0.0271552	0.0250901	0.0443983	-0.0700939	0.00415552	0.0698238	0.00431966
-0.0374492	0.0246548	-0.0619007	-0.0698609	-0.0158753	0.000908829	0.0294481	0.0504641	0.0573183	0.00801362
-0.0611002	0.0293198	0.00291666	-0.0400359	0.00367543	0.0472816	-0.0691411	0.0213306	-0.0387921	0.0473309
0.0356141	-0.0247483	-0.0786376	0.00955425	-0.0336491	-0.0654375	0.0505264	0.00275443	-0.0589871	0.0123685
0.0517565	0.0090818	0.00301073	-0.0175415	-0.0404455	-0.0314267	0.0208033	0.0478713	0.0945201	-0.0440196
0.0767898	-0.12547	-0.0632002	0.171096	0.137785	-0.172384	0.0925251	0.0781762	0.0127336	-0.155544
0.00668893	-0.035123	0.0424551	0.153662	0.235678	-0.170936	0.129099	0.11239	-0.0347493	-0.184889
-0.139994	0.0112947	0.116825	0.110097	0.169671	-0.0712732	0.015331	0.149272	-0.0188837	-0.166509
-0.0763255	0.0873138	0.0180919	0.227674	0.00323	-0.119545	0.0654807	0.0544655	0.010843	-0.133862
0.00908001	-0.00329041	0.107387	0.149746	-0.0299536	-0.0260308	0.0539902	-0.0644331	0.0758742	-0.036243
0.0953801	-0.046969	0.0826783	0.0517187	0.0350057	0.00211137	0.0118879	-0.00331891	0.189925	-0.0968415
0.201227	0.0164722	0.113157	-0.00684601	0.0572491	0.095975	0.073029	-0.0663186	0.0419189	-0.107715
0.0393136	-0.061351	0.00645572	-0.0222111	0.0071737	0.0570679	0.0237492	-0.146166	0.14503	-0.0512938
0.157187	-0.0361829	0.0721521	0.07902	-0.0409245	0.0496853	-0.0410308	-0.00248115	0.171553	0.037418
0.109945	-0.0563992	0.238463	0.021403	-0.00393857	0.0473863	0.0323657	-0.0640006	0.390871	0.283035
-0.0196004	-0.152013	0.0899262	-0.00268371	0.0446367	0.265337	-0.0959422	-0.0677701	0.533854	0.126611
0.107466	0.0231891	0.0368971	0.0696139	0.0436308	0.116169	0.257953	0.0110079	0.150289	-0.0542654
0.0528332	-0.0651744	0.0114184	-0.0376772	0.0757125	0.149898	0.102532	0.00524642	0.31939	0.0193504
-0.00706646	-0.0508565	0.0640266	0.187117	-0.0556283	0.0704739	0.253022	0.0521277	0.0153515	-0.0654545
0.0513596	0.00763739	-0.0763527	0.0903951	0.0673664	0.0917229	0.085332	-0.0467705	0.0225583	-0.0204553
0.0182201	-0.161098	-0.161188	-0.0672068	-0.0347049	0.0146603	0.00194655	-0.0551222	0.0220218	-0.0930122
0.0730217	-0.0194819	-0.175951	-0.0603116	0.0180667	-0.058715	0.0812773	0.129743	-0.18148	-0.153742
0.0599129	-0.0405822	-0.0510456	-0.0367366	-0.0480128	-0.0358994	0.0520823	0.0534756	-0.0640681	-0.120912
0.0251619	-0.087837	-0.0973046	0.00461823	-0.217046	-0.0277813	0.242814	0.110137	-0.0434878	-0.100426
0.0399561	-0.0396835	-0.0586164	0.101919	-0.0216185	-0.0739759	-0.0560293	0.011415	-0.0684803	-0.0850863
0.0976176	0.184629	0.101267	-0.0185636	0.0480749	-0.180109	-0.19286	-0.0158203	-0.0238713	-0.0138265
-0.0324388	0.105526	0.143591	-0.0958013	0.181021	-0.0897681	-0.0612713	0.0388679	0.148563	-0.0619308
0.00146446	0.0273165	0.121028	-0.101778	-0.00598987	-0.0389025	-0.0309555	0.0196818	-0.0590071	0.0151618
0.0118672	0.015892	0.0566677	-0.0349411	-0.0302916	-0.0692896	0.0618156	-0.0119975	-0.0630566	0.0370435
0.0290813	-0.0433788	0.051678	-0.0396429	0.030777	0.0473805	-0.056114	0.0489144	0.0170552	-0.0654716
0.0210648	-0.0325133	0.0696743	-0.000770275	-0.0253383	0.0555467	-0.0414717	-0.00922869	0.060836	0.0638167
0.0348743	-0.0190116	0.0299287	0.0199207	0.027671	0.0104277	0.0295587	-0.0154961	-0.00772596	-0.0191356
-0.0491944	-0.0356257	-0.0591507	-0.0470352	0.075554	-0.0117377	0.00765387	-0.065838	0.00856414	0.00268809
-0.0887784	-0.150275	-0.0024754	0.0438126	0.121403	-0.0858217	0.0840634	0.0343605	-0.0554339	-0.0055213
-0.108665	-0.040069	-0.0687843	0.142801	0.0797096	-0.168288	-0.00752631	-0.0558327	-0.041831	-0.0805776
-0.0586836	-0.0546999	0.0490264	-0.0522594	0.0075767	-0.0341891	0.0649575	-0.0686899	0.077936	-0.11429
-0.109978	-0.0705827	0.154325	-0.0555763	-0.00437648	-0.0935515	0.095727	0.0997559	-0.0792655	0.0640301
-0.10415	0.0930256	0.10882	0.123254	-0.0811616	-0.0537762	0.140405	-0.100039	-0.0507282	-0.0545513
0.0587336	0.125924	0.169278	0.0605531	0.00549136	-0.0708056	0.0809175	-0.0680275	0.0736282	-0.0994871
0.0784673	0.140046	0.149263	0.00361692	-0.0404097	-0.0344075	0.130676	-0.0681762	0.183391	0.0358986
0.0488208	0.0150939	0.154607	0.017446	-0.0682221	-0.120271	0.066053	-0.129617	0.259514	-0.00806779
0.139243	0.032777	0.291723	0.167154	-0.0417381	0.136753	0.08086	-0.153804	0.166636	0.0617312
0.0962092	0.0314755	0.185199	0.0817999	0.0776067	0.159243	0.0245936	-0.153114	0.279629	0.117342
0.0393978	-0.0597677	0.141449	-0.0348636	0.097092	0.116476	-0.107636	0.0419561	0.285224	0.0338847
0.0481625	-0.137875	0.0364844	0.0731337	-0.00781767	0.0294559	0.107101	-0.00375382	0.134424	-0.123867
0.0173528	-0.0819278	0.134072	-0.0246178	0.0204857	0.0729708	0.163547	0.0236504	0.270078	-0.0493453
-0.0323523	-0.0248615	0.169448	0.154979	0.0995242	0.115232	0.138317	-0.0540773	-0.0194988	-0.105826
-0.0688975	-0.150362	0.134098	0.0537182	0.00378112	-0.0935294	0.0262499	0.0171825	0.0455322	0.0547819
-0.0159568	-0.0712524	0.0520522	-0.0786352	0.011437	-0.19587	-0.00188607	0.0674672	-0.0961935	-0.0415957
-0.007653	-0.0388062	-0.0717034	-0.000202124	-0.0642568	-0.16253	0.135411	0.219771	-0.176017	-0.145155
0.0386862	-0.0632747	0.139174	0.0532958	-0.0522073	-0.10274	0.0339514	0.118584	-0.0590131	0.0262948
0.0930238	-0.0357406	0.0799283	0.00241016	-0.00919373	-0.0431482	0.0459892	0.146478	0.0327536	0.0303112
0.100698	-0.021288	-0.0579281	0.137037	0.115399	-0.0646558	-0.0238404	0.114266	-0.00949596	0.0381327
0.102235	0.196722	0.0605429	-0.015166	0.0805249	-0.0943993	-0.179761	0.0646035	-0.0573939	0.0379588
-0.118018	0.0609988	0.273358	-0.189296	0.108522	-0.14667	-0.0681652	-0.0584018	0.0797209	0.0083426
-0.0308883	0.0496017	0.167802	-0.0577373	0.028294	-0.12315	-0.0319124	0.00537541	-0.0384443	-0.0700791
0.0460992	0.0048307	-0.0563586	-0.0760206	-0.0442871	0.0631516	0.0717064	0.0525489	0.00924503	-0.0235943
0.0141377	0.047221	-0.037235	0.0673286	-0.000583303	-0.0494728	0.0378577	-0.0395394	0.0607695	-0.0138875
0.0403732	-0.0211537	-0.0388598	-0.0301636	-0.0669215	-0.0279124	0.0431295	0.0221884	-0.0415055	-0.0119052
0.00961251	-0.016647	0.0214211	-0.0662398	-0.0682099	-0.0552885	-0.00560849	-0.0493619	-0.0216665	0.0138593
0.0860197	-0.0588976	-0.0833466	0.0777193	0.120808	-0.102298	-0.0593598	0.037315	0.0524006	0.0941675
-0.0534579	-0.103248	0.0630368	0.0514188	0.0861546	-0.178398	-0.0414282	-0.0339493	-0.0105648	0.160602
-0.123609	0.0454685	0.0528205	0.0542601	0.109754	-0.125955	-0.188731	-0.00132732	-0.0959791	-0.0456396
-0.126279	-0.0512264	0.0585361	-0.0123998	0.15807	-0.0161815	-0.122073	-0.0713468	-0.0568451	0.0524368
-0.0314255	-0.118398	0.0603113	0.00453976	-0.0375654	-0.242769	0.0574143	-0.0385667	-0.033482	-0.0357693
-0.194247	-0.0142909	0.0127701	-0.0259451	0.00973825	-0.0411619	0.098015	-0.0755658	0.0373836	-0.0170455
-0.160872	0.108046	0.0884134	-0.00671482	-0.0729403	0.0372723	0.0620358	-0.136072	0.0223501	-0.0860075
-0.00941955	0.10634	0.130564	0.0301305	-0.079113	-0.0357644	0.0790658	-0.022982	0.116038	0.0186794
-0.0800226	0.162197	0.115095	0.0403783	-0.115519	-0.0346151	0.0154138	-0.0289472	0.154877	-0.0126942
0.0772714	0.0421956	0.212367	0.0722916	-0.0426841	0.0258618	0.0368096	-0.0774262	0.107943	0.162463
-0.00132001	-0.0233153	0.174122	0.00866692	-0.0420684	0.143173	-0.0443427	-0.172421	0.180155	0.0676398
-0.0335768	-0.081456	0.0709319	0.0107277	0.0432153	0.0662227	-0.0761654	0.129092	0.119096	-0.0158205
0.0425466	-0.160224	0.106642	0.061564	-0.0138799	0.0805745	0.127759	-0.0440114	0.0184807	-0.0643871
-0.133916	-0.0132665	0.0990167	0.136587	0.0312713	0.0373802	0.057133	0.00750705	0.012101	-0.0750749
-0.0328834	-0.0313499	0.058974	0.163091	-0.0394959	-0.169144	0.0207067	-0.0181585	-0.114372	0.0313533
0.000860964	-0.140752	0.0175698	0.162811	0.00424441	-0.0688018	-0.0297334	0.129691	-0.19323	-0.10415
0.149559	-0.0137387	-0.000897679	0.069523	-0.0154435	-0.175316	-0.036274	0.0531763	-0.0228235	0.0097218
0.0374255	-0.020906	-0.00705743	0.108248	-0.0996216	-0.136186	0.00499016	-0.0125858	0.0709037	-0.0758047
0.155396	-0.0666261	0.102769	0.0774426	-0.0735364	-0.0489672	0.0164422	0.133456	0.0678959	0.107184
-0.00509765	0.0347193	0.0491898	0.071183	-0.0416987	0.00569815	0.0385788	0.0885568	-0.0416167	0.0443728
0.0388362	-0.113086	-0.0371672	0.116327	-0.0376472	-0.0829878	-0.151776	0.0947059	0.0483827	-0.0467837
0.0199687	0.0449853	-0.0413031	-0.0110636	0.0588359	0.0341454	-0.145006	-0.112792	0.0684746	0.00592325
-0.132456	0.0338902	0.355255	-0.192533	0.155142	-0.10194	-0.0124165	0.119035	-0.0534406	0.0445214
-0.0518262	0.0195232	0.0829774	-0.0714363	-0.0270105	-0.0793111	-0.000393468	0.117978	0.0107373	-0.0418799
0.027814	0.0830773	0.0690978	0.0200254	0.0428114	-0.0666446	-0.0358964	-0.0416379	-0.0617899	-0.0161451
-0.0570229	-0.00190588	-0.0593375	-0.0670383	0.0174029	0.0455621	0.0237703	0.0674121	-0.0165642	0.00901455
-0.0391279	-0.0524126	0.0327882	-0.0669286	-0.0526623	-0.042248	-0.0632783	0.0407005	0.0127233	-0.0328114
0.0166264	0.0477158	-0.0291586	-0.0302864	-0.0556739	0.00877556	0.00551702	-0.0505247	0.0555525	0.00616131
0.089045	-0.0675621	-0.0237923	0.0546158	0.0315707	-0.0818914	-0.069116	0.0316591	0.043309	0.191993
0.000275447	-0.0697342	0.146174	-0.0184127	0.0331014	-0.0927362	-0.216896	0.0134397	-0.0925638	0.126393
-0.139957	-0.00945152	0.0310806	0.110197	0.119191	-0.143729	-0.105287	-0.0786637	-0.0194664	0.0380507
-0.183594	0.0205449	-0.0152941	0.160689	0.189995	-0.0236237	-0.120154	-0.089822	-0.0921255	0.0933506
-0.0885767	-0.0124765	0.16092	0.0309542	-0.0113201	-0.0533391	-0.102196	-0.145406	0.0818072	-0.0393392
-0.209121	0.0151566	-0.00792341	0.0660673	0.0273262	-0.0926402	0.0107146	0.00646157	-0.00386933	-0.0414388
-0.267751	0.0761128	0.036749	0.00923139	0.119099	-0.1395	-0.0846573	0.0610246	0.0133384	-0.0241104
-0.300607	0.0796143	0.086323	-0.0804686	0.0159124	-0.174475	0.0180774	-0.0811861	0.0102685	-0.0255609
-0.308907	0.078749	-0.0821908	-0.0851247	-0.0609779	9.24696e-05	0.0759364	-0.164106	-0.0148067	0.0137638
-0.382503	-0.0381192	0.152713	-0.169764	-0.0302796	-0.175837	-0.0924302	-0.178335	0.110031	-0.184372
-0.366969	-0.081625	0.0116758	-0.0883452	-0.0808389	0.0133864	-0.0918343	-0.0568145	0.0437506	-0.0152938
-0.320599	-0.117408	0.0843264	0.0185642	-0.0701293	-0.0193475	-0.0616398	0.0467955	0.0418545	-0.0720742
-0.191794	-0.0117474	-0.00155213	0.0581511	-0.0572546	-0.136792	0.0257891	0.100895	-0.0951452	0.0512429
0.0547561	0.0196615	0.0375219	0.127087	0.0997887	-0.22585	0.00475352	0.0727538	-0.0958064	-0.0176848
0.0165773	-0.0409412	0.0230444	0.0629938	-0.0323557	-0.0948743	0.0526967	0.0828064	-0.0161022	-0.0532408
0.0855825	-0.0476244	0.14769	0.000113774	-0.106813	-0.0714098	0.0814275	0.180596	0.0320022	0.0508362
0.179921	-0.0455996	0.123262	0.13905	0.0410276	-0.0950958	0.0375207	-0.0249451	-0.0218741	0.0206979
0.146967	-0.111033	0.0129477	0.165076	0.104577	-0.024147	-0.00813508	-0.00995035	0.0514117	0.0328422
0.154495	-0.141813	0.122104	0.0506432	-0.0145896	-0.0425452	0.00458931	0.104982	-0.0525997	0.0405752
0.131145	0.0733318	0.145989	0.0550551	0.055093	-0.0982484	0.111329	-0.00522766	-0.0452757	0.198505
0.0476347	0.0885757	0.16072	0.00552358	-0.0453241	-0.126269	-0.0665223	0.015466	0.142982	-0.0194105
-0.0101512	0.0609115	0.191192	-0.0661843	-0.0600594	-0.0639109	-0.165771	-0.0452599	0.0808095	0.0697723
0.01139	0.0300674	0.211639	-0.192329	0.011856	-0.0418125	0.0197948	-0.0169081	-0.0144852	0.103511
0.0632513	-0.0138226	0.0785204	-0.0721662	-0.000925292	0.0309757	0.00369505	0.109872	-0.0484226	0.0714648
-0.069731	-0.0642394	0.046623	-0.0869946	0.0674642	-0.0173418	0.0118902	-0.0126687	0.0773496	-0.0490991
0.0603639	0.0222522	0.0294472	0.00230269	-0.0635937	0.0350551	-0.0171953	0.0525564	-0.0108595	0.0663329
0.0235155	-0.00875	-0.0649461	-0.00135237	0.0177852	0.0136511	-0.0599535	0.00156755	0.0149757	0.0643543
0.0100845	-0.0280433	-0.000241951	0.071974	-0.0350646	0.035973	0.0210188	-0.0412351	-0.0186954	-0.0274472
-0.0124047	-0.0179905	-0.0574274	0.0287341	0.0412774	-0.0282673	-0.0844693	-0.0540829	0.0152943	0.179595
-0.0236877	-0.0938127	0.0197943	-0.00856023	0.0506704	-0.113469	-0.178356	-0.149404	-0.0263493	0.0905522
-0.0953005	-0.18292	-0.0606544	0.10052	-0.0284853	-0.154145	-0.0306875	-0.102441	-0.0841545	0.0339001
-0.178305	-0.0116409	0.0349032	0.105835	-0.0621666	-0.0736996	-0.110523	0.0278687	-0.0155558	0.0856394
-0.0902293	0.0267637	0.16527	0.0220701	0.00115113	-0.0852344	-0.0663053	0.00494011	0.0516062	0.039781
-0.115646	0.0931312	-0.0274041	0.124082	-0.0469892	-0.0761249	-0.0445726	-0.0518536	-0.0922312	-0.0107821
-0.265871	0.0574431	0.0264844	-0.106792	0.05991	-0.0608032	-0.144349	-0.0719391	0.130643	0.109222
-0.172388	0.116145	-0.0332207	0.0144448	0.0215377	-0.110591	-0.0558148	-0.0572593	0.0406769	-0.052476
-0.157029	-0.0712364	0.0284314	-0.143474	-0.0497101	-0.216617	-0.175888	0.0235219	-0.0270598	-0.294346
-0.238259	0.126116	0.0059038	-0.11989	-0.020678	-0.252261	-0.0856763	-0.172404	-0.155888	-0.0524722
-0.381328	-0.124054	0.00674572	-0.246076	0.021361	-0.113956	-0.101162	0.0194264	0.0202366	-0.0791262
-0.174524	-0.0277087	0.00994131	0.0472641	-0.127379	-0.0931303	-0.134361	0.129261	-0.109414	-0.119716
-0.102617	-0.0874622	0.061707	0.0322329	0.0273692	-0.180572	-0.196985	0.141362	-0.00658742	-0.0440232
-0.0366275	-0.154265	0.0367758	0.113362	-0.0341517	-0.0386413	-0.0664329	0.268703	0.0820342	0.0414483
0.0874959	0.0854134	0.0040532	0.0417081	0.148905	-0.101392	0.0254606	-0.0161827	0.00942818	0.0733408
0.0576243	0.0428955	-0.0197212	0.113131	0.0703155	-0.162112	-0.0709618	-0.0208702	0.0501271	0.0831746
0.0295659	0.000376122	0.0587857	0.161554	0.0067569	-0.0185665	0.0171559	-0.0140829	0.00294554	0.143177
0.0438122	0.0674435	0.0890553	0.10257	0.0239896	-0.10731	0.0119846	-0.0974788	0.0205745	0.108552
0.0777217	0.0857534	0.119558	0.0966798	0.0302107	-0.113695	0.0809811	-0.101545	0.0520954	0.13369
0.0462473	0.186657	0.0633447	0.0766261	0.0417671	-0.16565	-0.0683655	-0.0464583	0.147952	0.0844582
0.0113269	0.0839981	0.0902658	0.0430373	0.0236402	-0.0753021	-0.0760161	-0.120749	0.0917508	0.102406
0.129979	0.0810018	0.0963142	-0.00571566	-0.0598665	-0.0863463	-0.14821	-0.12706	-0.017105	0.0245652
-0.0519988	0.0758625	0.143459	-0.0554227	0.0380554	-0.0886595	-0.0624992	0.0176115	0.0114308	0.0203025
-0.0684121	0.0069044	-0.013947	-0.0724025	0.0447545	-0.0488543	0.0496312	0.0908829	0.0332654	0.079662
-0.0647048	-0.0721935	-0.0365121	0.0513267	-0.0168777	-0.0250502	-0.0335631	0.0396144	0.0337554	-0.0237592
-0.00564206	0.0472556	-0.00881475	-0.00439707	-0.0595357	-0.0260614	0.0115019	0.0342008	0.0492215	0.00149954
0.0214094	0.0291599	-0.0446369	0.0595935	-0.0148132	0.0308854	-0.00517178	0.0246761	0.0504838	-0.0649963
0.00801681	0.0518872	0.0102157	0.0109494	-0.0441653	0.0562039	-0.0864335	-0.0792565	0.0601562	0.026068
-0.00528631	0.00355501	0.065926	-0.0246544	0.143466	-0.125487	-0.0629086	0.0202771	0.0133616	0.0726422
0.014065	0.0431208	0.0582066	-0.111313	0.156979	-0.0938251	-0.140134	-0.17625	-0.0516782	0.291773
0.109266	0.190878	0.0560234	0.00948589	-0.0076169	-0.216607	-0.067228	-0.170606	-0.173579	0.195711
-0.0463534	0.0432404	0.110486	-0.0305188	0.00689859	-0.00438384	-0.0361545	-0.0727043	-0.0729249	0.239848
-0.00927195	0.12406	0.231892	0.0158351	-0.0529548	-0.176982	-0.0935046	0.110032	0.0323402	0.188805
-0.00797597	0.121214	0.160157	0.0123117	-0.0177291	-0.00675232	-0.105226	0.0360124	-0.132621	0.145002
0.0801978	0.0791218	-0.00342204	-0.0857881	-0.0921626	-0.111505	-0.110212	0.102451	-0.0802334	0.0215014
-0.0397693	0.229159	0.00324066	-0.11479	-0.0624242	-0.151819	-0.0479614	0.00264645	0.0522599	-0.00256999
-0.0185172	0.0307554	0.000958761	-0.172316	0.0313429	-0.156813	-0.198822	0.00808464	-0.0600947	-0.0654911
-0.0420182	0.133884	0.0682419	-0.0055409	-0.0814203	-0.143095	-0.172438	0.151554	-0.0139535	-0.0994557
0.0490111	0.240591	-0.0486663	0.0606994	0.00522592	-0.0855292	-0.0667157	0.0472048	-0.223056	0.00906531
0.0132898	-0.0502754	-0.029816	0.016768	-0.0631824	-0.0647847	-0.0914415	0.178237	-0.0349029	0.0713822
-0.013716	0.0985561	0.122055	0.0927145	0.00546292	-0.0260508	-0.121848	0.0343144	0.141104	-0.0274062
0.0468345	-0.0609739	0.027253	0.112771	-0.0628661	-0.041719	-0.0284257	0.0609448	0.0416373	0.0776431
0.0613775	-0.0166282	0.0728003	0.137468	0.031711	0.00604399	-0.141529	0.0520514	0.0366536	0.0929751
0.0429815	-0.0301984	-0.0103939	0.0901159	0.0284367	-0.120532	-0.105552	0.0301482	0.175413	0.168294
0.0769199	0.0369148	0.129929	0.0647067	0.0506781	0.0656818	0.0316597	-0.0199431	0.0733667	0.283937
0.0465194	0.0966844	0.0649575	-0.00188633	0.0159674	-0.109471	-0.0569165	-0.081578	0.131466	0.168747
0.00561783	0.196287	0.112472	0.0379191	0.194399	-0.0497034	-0.100558	-0.126139	0.143467	0.182687
0.0653251	0.174455	0.000701302	0.0493799	0.141307	-0.0296678	-0.237066	-0.133403	0.178286	0.144509
0.0739396	0.133226	0.101398	0.0548582	-0.00166848	0.000644287	-0.134497	-0.0473408	0.114719	0.119726
8.78827e-05	0.0265225	0.096377	-0.0613092	0.0247594	0.0765498	0.0629048	-0.0700841	-0.021153	0.0110604
-0.077741	0.0526253	0.0963674	0.0187837	-0.0676678	0.0323595	-0.0502111	0.0261108	0.0845142	0.0671843
-0.0737123	-0.0327581	-0.0450487	-0.0292728	0.00578724	-0.0113845	-0.055809	0.0314115	-0.0526264	0.0103124
-0.016519	-0.00483964	0.0658727	-0.0593852	-0.0545145	-0.00534546	-0.0099082	-0.0396925	0.0580139	0.0120451
-0.0110699	-0.0466778	0.041307	0.0417143	0.0579019	-0.0526342	-0.0640576	-0.018797	-0.0689269	0.0597372
0.0313164	-0.0324686	-0.00742372	-0.0726832	-0.00130762	0.04571	-0.0097363	-0.0131148	-0.0628279	-0.0624425
-0.0394084	-0.0295895	0.00426636	-0.0989873	-0.00786755	0.0537932	-0.0435495	0.0486964	-0.0166062	0.0403904
0.0110301	0.0571488	-0.0342817	-0.00244177	0.0620666	-0.104384	-0.114427	0.0638296	-0.0668993	0.0994758
0.076537	0.112014	0.0140255	-0.0330185	0.123786	-0.0124375	-0.0709052	-0.125371	-0.0479596	0.280898
0.154376	0.0525855	-0.00510251	-0.152717	-0.0232599	-0.0461577	-0.0159571	-0.153721	0.0913972	0.109728
0.0473905	0.256751	-0.057662	-0.0674572	-0.0110507	0.0157618	0.00573088	-0.13205	0.0868487	0.237115
0.0511029	0.275346	-0.0738844	-0.0704731	-0.0447735	0.0303684	-0.0536236	0.0232439	0.0544869	0.247833
0.0902112	0.114795	-0.0523226	0.0204391	-0.0861172	-0.0584076	-0.134711	0.0512163	-0.0533774	0.099608
-0.0443918	0.0997996	0.0604882	-0.027296	-0.0174853	-0.014759	-0.0737628	-0.00182779	0.136454	-0.0613182
0.128556	0.0891996	-0.0561791	-0.0866082	0.131381	-0.0975696	-0.0398819	0.00265796	0.0663543	0.0493253
0.0589719	0.227783	-0.0656315	0.0389466	-0.106918	-0.0752957	-0.168758	-0.0538983	-0.0237365	0.0518732
0.144054	0.00613733	0.133443	0.0296005	-0.025595	-0.0687384	-0.059777	0.059562	0.0664752	-0.0103129
0.107847	0.0543185	0.0670084	0.0427074	-0.0596524	-0.0959758	-0.117771	-0.030848	0.158906	0.0674353
0.122508	0.112083	0.0822068	-0.00124322	-0.0259512	-0.0478971	-0.0286438	0.024454	0.0486064	0.0724957
0.0259415	0.164947	0.0331558	0.0616932	-0.12607	-0.0437212	-0.119855	0.00846685	0.0111737	0.109263
0.028655	0.0578776	-0.0123955	-0.0467837	-0.051668	-0.0377899	0.0632398	0.0398591	0.0260877	0.0990155
-0.0801813	0.00889538	0.14382	0.0969153	0.030354	-0.0965697	-0.0854405	2.11542e-05	0.198015	-0.0467803
0.0827536	-0.0132943	0.0776167	0.0232982	-0.0285111	-0.153357	-0.0609417	0.100362	0.0500245	0.155276
0.0945305	-0.012353	0.204814	0.146295	0.0183334	-0.0270703	-0.0367158	-0.0339246	0.035312	0.0420022
0.161133	-0.00796202	0.0588416	0.179451	0.0186053	-0.0427426	-0.100151	-0.0197976	0.0440464	0.162996
0.0527296	-0.0588685	0.139166	0.149557	0.119658	0.0723986	-0.218508	-0.0369643	0.0295682	0.0899148
0.123573	0.186342	0.144825	0.197692	0.0389836	0.019465	-0.150272	-0.07223	0.0520667	0.0235018
0.0469771	0.13535	0.250536	-0.0185451	0.0879312	-0.0451131	-0.175819	-0.0893669	0.00333928	-0.022836
0.0288513	-0.0218947	0.206958	-0.00285881	-0.0293599	0.103527	-0.0423679	-0.00327442	-0.0617242	0.0601877
0.0607052	0.0460548	0.109087	-0.0970282	-0.0201112	0.0166329	-0.0906144	0.0567448	0.0363465	0.0612252
-0.0264145	-0.0408849	0.066441	0.0497542	0.074855	0.00149444	-0.000303145	-0.0459509	0.0530206	-0.0655622
-0.0640653	-0.0154157	-0.0219575	0.0579559	0.056764	-0.0678847	0.0282756	0.0467767	-0.0661196	-0.0181571
0.0391475	-0.0249684	0.0602212	0.0146787	-0.0409192	0.0499296	-0.0101724	-0.0198651	0.0310539	-0.0237058
0.0149574	0.0458713	0.0336882	-0.0449037	0.0109735	0.045454	0.0194283	-0.0210456	-0.0518316	0.0219989
-0.0541168	-0.0412313	0.0857031	-0.0451624	-0.0240492	-0.0285214	-0.0220245	-0.0320974	0.0485829	0.0290219
0.0746141	0.0613464	-0.0530821	-0.04628	0.0809055	-0.0586659	-0.00667447	-0.00689111	-0.00558045	0.135951
0.090206	0.0840511	0.0435082	-0.0666594	0.053707	-0.0551396	-0.133503	-0.0339415	0.0326728	0.144832
0.0685794	-0.0337533	0.0849131	-0.188307	0.0313987	-0.0369404	-0.0656924	-0.0617174	0.00100785	0.237233
0.0345212	0.116714	0.045147	-0.0963679	0.00838634	0.0271699	0.0112019	-0.0743267	0.0832221	0.127003
0.00862076	0.103274	0.06181	-0.15595	0.0188581	0.0657655	-0.0216602	0.014104	0.09439	0.129889
0.020161	0.121688	0.137989	-0.0524833	0.0694668	0.109315	0.0665734	-0.0634453	-0.00373854	0.0725957
0.0117383	0.183105	0.0948761	-0.0405136	-0.0758267	0.0761518	-0.0475167	-0.00805169	-0.0903171	0.0752191
-0.0571469	0.0333807	0.101257	-0.00882759	-0.00997948	-0.0417619	-0.047701	0.0525881	0.056231	-0.0131847
0.108047	0.123323	0.0877591	0.0916711	-0.0532591	0.101658	0.0280459	-0.0870925	0.0839545	0.0233526
0.0431796	0.156662	0.129564	0.101252	0.0359221	0.0133466	0.0301122	-0.0191495	-0.0775476	-0.0221722
-0.00252261	0.194336	0.0485362	0.0309953	0.0790181	-0.137586	-0.067992	-0.0481592	0.0983539	-0.0251151
0.0594787	0.0292462	-0.00356307	-0.0723774	0.0126239	0.025801	-0.055955	-0.091815	-0.0435631	0.0288298
0.0438063	0.0450333	-0.0196272	0.0169268	0.029995	-0.0796171	-0.0358937	0.0694107	-0.00555787	-0.019898
0.0803719	0.0678395	-0.0596154	0.0516161	0.0574245	-0.0169744	-0.0790037	-0.0179307	-0.0807744	0.0866609
-0.0435181	0.0152171	-0.0202351	0.0391392	0.0610604	0.0185277	-0.185921	0.0414385	-0.0141009	0.117895
0.0953949	0.0465644	0.0270665	0.108049	-0.0865537	-0.0119633	-0.0965811	0.046617	0.0110982	0.0897703
0.151299	0.00538285	0.114116	0.0711513	-0.0164451	0.012798	-0.0662001	-0.0392464	0.119217	-0.0700625
0.12752	0.0307724	0.133316	0.0035953	0.0710319	0.0262524	-0.0272806	0.0666971	0.147331	0.111887
0.0714809	0.0407095	0.0948298	0.160459	-0.0307733	0.0248794	-0.0268875	-0.0461742	0.179888	-0.00828749
0.137757	0.140696	0.17264	0.093995	-0.0159964	-0.0527905	-0.0133185	-0.108798	-0.00451209	0.0656545
0.0260887	0.163371	0.17451	0.0898848	0.0521811	0.0274363	0.0392345	-0.118998	-0.121708	0.0487735
0.0738136	-0.0134372	0.0902836	-0.0840079	0.0219325	-0.0311964	0.0528671	0.0493586	-0.0925458	0.0033926
0.00210046	0.0472165	-0.00218478	-0.0714433	-0.066804	-0.0718171	0.0281344	-0.000613751	0.0704108	0.0369906
-0.0617114	-0.00317843	-0.0571061	0.0110553	-0.0714335	0.0399572	-0.0540158	0.0104525	-0.0568727	0.0461308
-0.0705199	0.0446148	-0.0124503	-0.0188924	-0.0126585	0.01172	0.0547491	-0.0421797	0.0703733	-0.030438
0.0529934	0.0468364	0.00395726	-0.0489327	0.0164905	0.00895852	-0.0140979	0.0448674	0.0363994	0.0486816
0.00391649	0.0646387	0.0257327	-0.0154878	0.0321824	0.00626032	-0.0272869	0.0400709	-0.00856964	-0.0268487
0.0526981	-0.0447121	0.0269562	-0.0442585	-0.0634189	-0.0619665	-0.0638856	-0.0184083	0.00905923	0.0334527
0.0372504	-0.00792714	-0.0522643	-0.0438411	0.104297	-0.000566016	-0.115568	-0.0227125	0.101417	0.0748295
0.0544592	-0.0313156	-0.0395507	-0.0291562	-0.0250967	0.0507798	-0.0514812	0.00885552	-0.00967411	0.188861
0.0812053	0.0111146	-0.0159283	-0.0190457	-0.00519853	0.0602913	-0.0749071	-0.0898969	-0.0567656	0.125329
0.158834	0.0671071	-0.0310338	-0.175073	-0.00606341	0.0292696	0.100477	-0.0591221	-0.0386219	0.0454763
0.0435962	-0.0302171	0.010919	-0.0356483	0.0251641	-0.0109685	0.139473	-0.0496612	-0.0726573	0.00153829
0.0930069	0.122605	-0.0446697	0.0568292	-0.0764938	-0.0426423	0.0761204	-0.011528	0.111418	0.00345739
0.08912	0.132281	0.0712926	-0.0731513	-0.0123999	-0.107621	-0.0175929	0.0172422	0.00291414	0.0719734
0.116996	0.134737	-0.0217737	0.0918631	-0.0361151	0.0147594	0.007322	0.12317	-0.0313319	0.0297592
0.173227	0.245904	0.0373452	0.0704833	0.0770231	-0.0126146	0.0557246	0.0831712	-0.081158	0.043983
-0.0159519	0.0476448	0.14005	-0.0321942	-0.0967899	0.0836034	-0.0910096	0.0834443	0.0457421	0.0305567
0.073323	0.11389	0.0119936	-0.00879417	0.0400031	0.0132993	0.0481475	-0.0581915	0.1306	0.0403497
0.0676523	0.207471	0.00559421	0.132279	-0.0283268	-0.0273138	-0.013377	0.0417819	0.0231202	-0.103877
-0.0557722	0.11978	-0.0063723	0.0369781	0.0713976	-0.0782914	-0.0924405	0.0521045	0.0647625	0.0462064
-0.0725244	0.117752	0.0148887	0.134467	-0.0497529	0.0859641	-0.118239	0.0465723	0.100731	0.0616555
0.0427989	0.114064	0.0263969	0.109267	-0.0606722	0.0107478	0.0375311	-0.00904084	0.0728495	0.127133
-0.0487215	-0.0124913	0.107965	-0.0356068	0.0421093	-0.0390926	0.157696	-0.0574891	0.278106	0.0226142
0.126637	0.0701198	0.209737	0.013826	-0.0112404	-0.0465321	0.12335	-0.141691	0.302572	0.0346535
0.185806	-0.025198	0.158676	0.0390736	-0.0106415	-0.108378	0.115785	-0.00332513	0.173195	-0.0364207
0.0635168	0.069718	0.213337	0.0410563	0.0575436	-0.0846973	0.106491	-0.11971	0.161279	-0.124874
-0.0874594	0.224254	0.165903	0.0843727	0.0275323	-0.0777119	0.128127	-0.0637927	0.0918734	0.0340552
-0.0465164	0.17932	0.0678908	0.0275825	0.063981	-0.036031	0.00974382	-0.119066	0.0673411	0.00889626
0.0168536	0.0112407	0.0269933	0.000649364	0.0185389	-0.0559959	-0.00392156	0.0499204	0.0176252	0.00428813
-0.0338222	0.0625567	0.0263561	0.0350599	0.0264596	0.0544015	-0.022913	-0.0396168	-0.0428008	0.053904
0.0255738	0.0365779	-0.0695885	-0.0331112	0.0292995	0.0628923	0.0226968	-0.0350045	0.000238193	-0.0553549
-0.0362113	-0.0610888	0.0282021	0.0493133	-0.0350412	-0.0172066	0.0651222	0.000184331	0.0364441	-0.0160447
0.0329209	-0.0173432	-0.0646325	0.0565799	0.00887336	0.0498965	0.0638198	0.0024772	-0.0116588	-0.0293679
-0.0637531	-0.0123869	0.00931901	-0.0344829	0.0703067	-0.0643877	0.0241362	-0.0627794	0.0251223	0.0346239
-0.0106378	-0.0163531	0.0120673	0.069001	0.0386352	0.041561	-0.0484338	0.0120994	-0.058041	0.0433805
-0.0365304	-0.0602373	-0.0929791	0.00168703	0.079652	0.0652854	0.0446104	0.0655941	-0.060484	0.0229684
0.0940924	-0.0132117	0.0166548	-0.0485143	0.0196101	-0.0602622	-0.0154431	0.0513733	-0.0356744	0.189934
0.0232836	-0.129069	-0.0318179	-0.062786	-0.0130452	0.0328139	0.0300559	0.0131519	-0.132722	0.0509709
0.0691594	-0.0660063	-0.10595	-0.124301	0.0469238	0.0583612	0.0645448	0.00363316	-0.112698	0.114635
0.170187	-0.000105664	-0.115506	0.0555646	0.0736862	0.00406691	0.0796756	0.020544	-0.0610155	0.0739916
0.113111	-0.0820081	-0.0729139	0.0646241	0.128672	0.065548	0.0451249	0.0121563	0.0533798	0.00606547
0.162496	-0.0091714	-0.0165762	0.0530597	0.0927872	0.0973709	-0.0357747	0.101994	0.0841578	0.0588066
0.089728	-0.014735	-0.105699	0.14405	0.0898161	0.043026	0.0513766	0.0200072	0.105631	0.00175625
0.128592	0.0299762	-0.0708562	0.0274142	0.103551	0.139236	0.0504706	-0.0713867	0.232384	0.0285822
0.052389	0.269499	-0.00975814	0.112114	0.0271969	-0.0399676	-0.00270433	-0.00143069	0.0918503	0.0478
0.0293777	0.161819	-0.0457769	0.0645903	0.125375	0.0226175	-0.017041	-0.0175037	-0.0330824	0.0569706
0.0228226	0.0869127	0.02856	-0.0556381	0.196546	-0.00445759	-0.0672093	-0.0180651	0.034663	0.0918144
0.0499289	0.106985	0.0606566	-0.0283238	0.044372	0.0954224	0.0143366	0.0634618	0.00106248	0.0810271
-0.052455	0.184073	-0.0600954	0.242703	0.00168909	-0.0165644	-0.0124035	-0.0182756	0.106075	-0.0490952
0.111855	0.0721589	0.0466959	-0.0146437	0.139002	-0.0444786	0.0151798	0.177497	-0.0286641	0.051298
0.0425306	0.197444	0.0939079	0.112078	0.00837017	-0.0177775	-0.0717625	0.0625946	0.0978377	0.0526624
-0.0663735	0.139476	0.0104573	0.058372	-0.0454638	0.0552078	-0.0515955	0.0515201	0.135433	-0.0273331
0.0341078	0.119974	-0.0659416	0.0625922	-0.0197093	0.0232954	0.224589	-0.0201485	-0.000189003	-0.0232533
0.0648435	0.0750544	0.0618842	0.0548696	-0.0219061	-0.0331029	0.199179	0.00266711	0.00631445	-0.0406211
0.0997533	0.0762795	0.0655299	0.104397	0.00926648	-0.050031	0.134543	0.00802396	-0.0376992	-0.0271646
0.0681337	0.0857154	0.0726557	0.0707059	-0.0603343	-0.0467297	0.00834559	-0.0324245	0.0695163	-0.0535431
0.0770767	-0.0406025	0.0756303	-0.0125578	0.0177422	-0.0744379	-0.0377852	0.0173668	0.0239322	0.076757
-0.0662352	-0.0205506	0.0998675	-0.0673704	0.0292443	0.050229	-0.000382929	0.0485043	0.0519085	-0.0796216
-0.0290001	-0.0557129	0.0343073	0.0159536	0.00199493	0.0301272	0.0660478	-0.00252582	0.0396832	-0.0356516
-0.0681625	0.00138042	0.0709818	0.0305265	-0.0209287	0.0639419	-0.0187843	0.0615655	0.0603321	-0.0036006
0.0229514	0.000869031	0.0351947	0.00574675	0.000547776	-0.0585783	0.0225999	-0.0450885	-0.0603319	0.070445
-0.0371999	0.0273831	0.0581312	0.0126842	0.0651394	-0.00336485	0.0488926	-0.0589545	0.0467937	-0.053419
-0.0604366	0.00410631	-0.0183691	0.0412504	0.00119737	0.0428582	0.0089621	0.0153574	-0.0125339	-0.0183303
0.0664578	-0.0155987	-0.0293412	-0.00870768	-0.0412143	0.0432794	0.00229405	0.0606508	-0.0771424	0.0327832
0.00127743	-0.0513031	0.0597689	-0.0570491	0.0394826	0.0299589	0.0730798	-0.0550169	-0.0906105	0.0753933
0.0595915	-0.0518988	-0.0822154	-0.0824518	-0.0464129	0.0761919	0.0801044	0.00486204	-0.122979	0.0841498
0.0538815	-0.127388	-0.0212638	0.0319239	0.0948562	0.0018848	0.144647	0.00200562	-0.0200298	0.109434
0.0525105	-0.0173151	-0.0878702	0.0279407	-0.00646838	0.0397212	0.167008	0.0260903	0.0138705	0.180627
0.158667	-0.0626609	-0.125937	-0.0516018	0.123592	0.0271737	0.0612964	0.096637	-0.076694	0.28889
0.110461	-0.00415363	-0.148233	-0.142087	0.0897054	0.149803	0.0489825	0.0693758	-0.0332828	0.285445
0.21581	-0.0160604	-0.152582	0.116633	0.134603	0.120382	0.0595387	-0.0232201	-0.0264801	0.166357
0.167458	0.0880708	-0.119017	0.0318665	0.107776	0.194655	0.0398879	-0.00684808	-0.186653	0.276939
0.174765	0.0073418	-0.111517	-0.0688676	0.062521	0.243971	-0.0247532	0.0721314	-0.119291	0.243938
0.104853	0.0382619	-0.0732155	0.0536577	0.0458408	0.15028	-0.00799619	0.000491959	-0.119638	0.179728
0.0295186	0.0972235	-0.103642	0.0225027	0.0373491	0.253764	0.0574107	-0.0234178	-0.0165945	0.0933365
0.109806	0.147215	0.061251	0.0826108	0.0169816	0.232925	0.0214455	-0.0389197	0.0223185	0.0642438
0.109491	0.0932338	-0.00484878	0.0353342	0.0041609	0.242547	0.0509941	-0.00492278	-0.126451	0.199247
0.0578461	0.144326	-0.10202	0.0378897	0.0615876	0.252846	-0.032914	0.0693829	-0.0265228	0.103236
0.0289327	0.125067	-0.102816	0.0821057	0.0791368	0.137076	0.0157572	0.124122	-0.168444	0.0796533
0.0958486	0.232154	-0.233057	0.0929283	0.0615111	0.164209	0.0366217	0.0431892	-0.134066	0.171857
0.0285651	0.0749119	-0.0873322	0.0779682	-0.0721228	0.0414693	0.134037	-0.0259461	-0.0246118	0.0745427
-0.0015247	0.0496754	-0.155618	0.0964751	0.0156025	0.0940513	0.114055	0.0327135	0.0400607	-0.021498
0.0824621	-0.0193212	-0.120199	0.132528	-0.0711161	-0.0549328	0.048808	-0.083703	-0.0475862	0.0309599
-0.0140734	-0.0340778	-0.0130834	0.0609733	0.0593684	0.0449472	0.0110635	0.0207898	0.00699935	-0.0315786
-0.0146908	0.0804036	0.02127	-0.0516681	0.0598832	-0.0410616	-0.0148354	0.0644409	-0.0490114	-0.00843659
0.00767399	-0.0260452	0.0237863	-0.0069886	0.0474533	-0.00577007	-0.053619	0.0116256	0.0203919	0.00589766
0.0513096	0.040999	-0.0667625	0.00424978	0.045116	-0.0350652	0.042831	0.0524814	0.0101656	0.0586769
-0.00165155	-0.0124532	0.067758	0.0711759	-0.0393238	-0.0531732	-0.0452671	0.0234242	0.0122325	-0.0676804
-0.0557284	-0.0653094	0.000994153	-0.0468825	0.0426589	0.0017002	0.0312987	0.0191859	0.0026309	-0.0213114
0.00689175	0.0170161	-0.0354535	0.0715398	0.0680953	-0.0328183	0.0670262	-0.0182836	-0.0631248	0.0662154
0.0112119	0.0296927	-0.0185372	-0.053831	-0.0241176	-0.0376526	-0.0454508	-0.0726046	0.0687721	0.033312
0.0277686	0.0112482	0.0341146	0.0520614	0.0380001	-0.048986	0.00790211	-0.0159385	0.0639406	0.0640519
-0.0629221	-0.0148143	-0.0274771	0.00771762	-0.0115047	-0.0575055	-0.0169603	-0.041755	-0.0395366	0.0565173
0.0539022	0.0498376	-0.0196115	-0.0406594	0.0396693	-0.077256	0.0220749	-0.00582324	0.0400555	0.0110616
0.0173688	-0.0809864	-0.0743155	0.00231918	-0.0516335	0.0230702	0.118403	0.0581878	0.0725996	-0.00379906
-0.0073457	-0.0721544	-0.0463223	-0.0787017	0.0543352	-0.0194286	0.07109	0.0959271	-0.0510556	0.0875121
0.0715015	0.0423537	-0.0122616	-0.0137158	0.0227951	0.0193257	0.108769	0.0923601	-0.100568	0.0171154
0.0439718	-0.01717	-0.0287059	-0.0451861	-0.0200688	0.12836	0.21658	-0.00756783	-0.117089	0.185169
-0.0580799	0.0949885	-0.0102726	-0.038694	0.0879139	0.101038	0.151817	0.0461683	-0.0851508	0.148493
0.0920781	0.0365059	-0.0789941	0.0870709	-0.00503191	0.130785	0.0623686	-0.0540849	-0.0960056	0.110151
-0.000620638	0.108621	-0.104641	0.0373957	0.084696	0.158084	0.106593	-0.113502	-0.0609055	0.141332
0.090728	0.144282	-0.0881543	0.071615	0.104556	0.15396	0.171312	-0.0474315	-0.145944	0.125057
0.0541278	0.152273	-0.0470441	0.0674004	0.0294991	0.194902	0.225263	-0.0847917	-0.106849	0.24463
0.127992	0.143321	-0.0598235	0.0190438	0.0644584	0.185513	0.0792779	0.0433713	-0.0813419	0.175441
0.110825	0.220813	-0.0245628	0.0519082	0.0752805	0.0667753	0.108521	0.026314	-0.131806	0.127409
0.05279	0.0581108	-0.0580855	-0.009531	-0.00533278	0.0648014	0.156381	-0.043247	-0.062967	0.171534
0.012267	0.124234	-0.11539	-0.0315793	0.0293452	0.143143	0.119667	0.0356489	-0.0793706	0.126209
0.0374297	0.0425541	0.0361096	-0.0180311	0.0669306	0.00290113	-0.0246281	0.0195743	-0.0326538	0.0877562
0.0622499	0.0163401	-0.00531875	-0.00341599	-0.0523018	-0.0224455	0.100363	-0.0106284	-0.015603	0.0136622
0.0501768	0.0993301	0.00814861	0.0594778	0.049196	-0.0523175	0.124837	0.0489652	0.0478127	0.0563696
0.0610025	-0.000923768	0.0454662	-0.0604297	-0.0530906	0.0406283	-0.019249	0.0549396	-0.00459324	-0.0356629
0.0548047	-0.0554883	0.0693324	0.0314957	-0.0148055	-0.0580206	0.0429785	-0.0229486	0.0461589	0.041132
-0.0203767	-0.00467652	0.0262438	0.00311952	-0.0154726	0.0357136	0.0339017	-0.0713479	-0.0477276	-0.0373095
0.00716379	-0.0272604	0.048425	0.00186137	0.0255981	0.0342892	0.000402356	-0.0147716	0.0495561	0.0168998
0.0602505	-0.0331854	-0.0388249	-0.0252926	-0.00878377	0.0213503	-0.0146443	-0.0707587	0.0436053	0.0309286
0.0573155	-0.0357111	-0.0637113	-0.0502261	0.00174493	-0.0139592	0.0212719	-0.0715192	0.00973131	-0.0385592
-0.0141413	-0.0155233	0.0669749	-0.00288126	0.0311047	0.0651395	-0.0725776	0.056352	-0.031908	-0.0603143
-0.0705896	-0.0356531	-0.00841623	-0.0521353	0.0567625	0.0175241	-0.0219246	0.0387663	0.0394699	-0.070243
-0.0389782	-0.0365756	-0.0408334	-0.030545	-0.072353	-0.0666342	0.0326884	0.0659758	0.0646275	-0.0125923
-0.0546333	0.000227237	-0.000192439	0.0315969	0.0327816	-0.0543561	3.59401e-05	0.00706995	-0.0571286	-0.0389397
-0.0154458	0.0248947	-0.0282488	-0.0573223	-0.0566843	-0.0223953	-0.0218546	0.00370506	-0.0215636	0.0392787
-0.0173774	-0.045461	0.0158456	-0.0677003	0.0354771	-0.0547636	-0.0655139	0.0388504	0.0376295	-0.0531092
-0.0390722	-0.045642	0.057713	0.0345479	-0.0542801	0.0165364	-0.0477172	-0.00847188	-0.0560315	0.00637147
0.0292596	-0.0499023	-0.0367729	-0.0623262	0.0534471	0.0746609	0.0393053	0.0093634	0.00564218	-0.0116122
-0.0614979	0.0403923	0.0151596	-0.0285126	-0.0587925	0.0651416	0.0109824	-0.0553977	-0.0666564	-0.028751
0.0151886	-0.0441509	-0.0578365	-0.0132235	-0.0231947	0.0650048	0.0216455	0.0264293	0.0411005	-0.0420808
-0.0161101	0.0737354	0.0640779	-0.0352593	-0.0503047	0.00539133	0.00420091	-0.0325106	-0.0519537	0.0303185
-0.0177839	0.0634118	-0.0177079	-0.0491301	0.0719038	0.0581526	-0.0278861	-0.0613983	0.0220049	-0.0422982
-0.0292169	-0.0100045	-0.0171229	0.0680589	-0.00217964	0.0805523	-0.0488382	-0.0166307	0.0426644	0.075903
0.052946	0.0289253	-0.037101	0.0407355	0.0146187	0.0688429	-0.0312723	-0.00789219	-0.0116496	0.0425679
0.0206936	0.026902	-0.0783877	0.036391	-0.0448164	0.0021388	0.0884076	0.00852559	0.0274449	0.0989813
0.0563268	0.0548003	0.0436727	-0.0548236	0.058299	0.0956806	-0.0337013	-0.0481929	0.0517434	0.0186993
-0.033463	0.0233242	0.0824178	-0.0446803	0.00446693	0.0543461	-0.0454072	-0.00571507	0.0452372	0.0185417
0.0387496	-0.0670961	-0.019788	-0.083276	-0.0229759	0.0133855	0.0588133	-0.0241464	-0.0229832	-0.0254674
-0.0371535	-0.0119723	-0.0192693	0.0383831	0.0161231	0.0734878	0.0195652	-0.0705727	0.0430639	0.0198774
-0.0633243	0.014224	-0.0628955	0.0478408	0.00209259	0.0228679	0.0325934	-0.0083127	-0.0356805	0.0508691
-0.0276131	0.0530777	0.00854724	-0.0571463	0.0700768	0.0450464	-0.0162073	-0.036483	-0.0072389	0.0107098
-0.0491133	-0.0338257	-0.0572493	0.0270014	-0.049528	-0.0518943	-0.054078	-0.00748123	-0.0331692	0.0363093
0.0157483	-0.0485674	-0.0470371	-0.0282736	0.0045512	0.038008	0.0272792	-0.0121713	-0.0368003	0.0503814
-0.0106142	0.0639282	0.0551589	-0.0502056	-0.0403959	0.0312928	0.024002	0.0292476	0.0595833	-0.0679833
-0.0384791	-0.0522719	-0.0180778	0.0413687	0.0654396	0.0278531	-0.0236289	-0.0221089	0.0336267	0.0489475
0.0264977	0.0463656	0.0229486	-0.0668157	0.0344031	-0.0369646	-0.0431707	0.0444027	0.0702699	0.011192
0.0336784	0.00426743	0.0435098	0.00696083	-0.00258662	-0.0448776	-0.0706278	0.0325099	0.0727269	0.0189651
0.0695335	0.00643046	0.0291937	0.0359721	-0.0105178	0.0184673	-0.0380586	0.0347642	-0.00542771	0.0657223
### size: 10 ###
-0.232756	0.183364	0.347092	0.723906	-0.0783948	0.607018	0.40418	-0.0190358	0.286527	-0.136721

### size: 10, 10 ###
0.808137	-0.13773	-1.12208	-0.577955	0.613726	-0.460297	-0.0522602	-0.342772	1.12865	0.275957
0.656256	-0.323177	0.199381	0.436709	-0.333434	-0.247519	1.28716	-0.0849799	0.804689	-0.894148
0.204015	0.158769	-0.356232	0.695416	-0.700938	1.16443	-0.136981	-0.445054	-0.400122	0.0298203
0.726333	0.730129	0.822012	0.690631	0.32387	-0.895341	0.54673	-0.200803	0.663516	1.20831
-0.19804	-0.593173	0.0325745	-0.670784	-0.367779	1.9983	-0.14999	0.272079	1.2694	0.101275
-0.816229	1.5078	0.479028	-0.905571	0.826938	0.478208	0.641653	-0.337483	0.0210695	-0.231035
-0.13636	0.449382	0.659923	0.133596	-1.26847	-0.321464	-1.22494	-0.152467	0.177709	-0.502932
0.701194	-0.638266	-0.997964	-0.524784	0.248482	0.828173	-0.892398	-0.233863	-0.280631	-0.246816
-0.868667	-0.945017	-0.0673963	0.830291	0.736822	-0.106118	-0.25051	-0.120291	-0.757382	0.516561
0.39629	-0.713463	0.0667152	-0.450252	1.05986	0.919274	0.144839	-0.144188	0.915817	-1.01237
### size: 10 ###
0.245042	0.631279	-0.582483	0.198821	0.260689	-0.348276	0.0200169	0.000168217	0.0380112	0.352968

### size: 10, 10 ###
0.448578	0.133431	-0.190832	0.00286785	0.531295	-0.0325664	0.30784	0.588153	-1.29809	-0.490687
-0.755608	-0.561773	-0.00495544	-0.285756	0.653063	0.49166	-0.981001	1.28633	-0.401932	0.559969
0.524109	-0.658529	-0.495177	0.0508672	0.688331	-1.08179	-0.431067	0.134348	0.594306	0.674609
0.0289832	-0.611943	0.432424	-0.382918	0.0855879	-0.183306	1.17837	-1.07854	0.418679	0.112656
-1.27621	1.20231	-0.917323	0.245456	0.35536	0.253864	0.279427	-0.755111	0.226547	0.385696
-0.577197	0.408383	1.41237	0.407744	-0.750512	-0.584977	-1.01541	1.44847	-0.236773	-0.512087
0.555301	-0.160376	0.464306	-0.756621	-0.235308	0.650609	0.214204	-0.377458	0.705569	-1.06021
0.00118339	-0.00155903	0.00378416	0.000243726	-0.00081397	-0.000955899	-0.00108902	-0.000422266	-0.0002733	-9.73667e-05
0.613158	-0.628705	0.042871	1.00777	-1.21992	0.652141	-0.863311	-0.298424	0.278752	0.41566
-0.543219	-0.10073	0.511216	-0.0337029	0.604057	0.718501	0.126689	0.0232665	-0.34968	-0.95641
### size: 10 ###
-0.142152	0.536577	0.080907	-0.275619	-0.314104	0.708117	0.457667	0.0572202	-0.856848	-0.251782
