model: 10
### size: 10, 10 ###
[[ 1.86282539 -0.29349336 -0.42688903  0.09233278 -1.53364849 -0.75650859
  -0.08869201 -0.24198934  0.1532138   1.23292649]
 [ 1.10284293 -0.09531879  1.46834624 -0.52949816 -0.87127101  0.54543602
   0.8557809   0.54962379 -1.24012315 -1.78585112]
 [-1.22696841  1.11790168  1.99399674  0.72860849 -0.97763973  0.35232091
  -0.65323728  1.76246929 -1.17997718 -1.91737092]
 [ 0.06704818 -0.48768359 -1.26490414 -0.28531179  0.36868611  1.74034512
   0.57221371 -1.50570166  1.27025414 -0.47489953]
 [-0.1988823  -0.92759925  2.13881683  1.98085988 -0.43319148 -0.61936045
  -1.86548507  1.24082756 -0.26875985 -1.04720402]
 [-0.98797393 -0.70999283 -0.30896318  0.14611156  1.34632909 -0.06457318
  -2.14402843  2.00041437 -0.44892576  1.17169273]
 [ 0.47685412 -0.15289249  1.05717254 -0.55900776  0.45206708 -1.23770416
   1.83619177 -1.45582342 -0.14991382 -0.26691604]
 [-1.43245351  1.08543241 -1.01894808  1.84404945 -0.22053045  1.73769438
  -0.84723067 -1.11470091 -1.25613403  1.22268188]
 [-1.81403315  1.88733697  0.56018847 -0.10504991  0.53985178 -2.13719916
   0.0778683   0.37350479 -0.02074288  0.63840652]
 [-1.00017381  0.29670015  0.66437131  1.23133969 -1.60202253 -0.36187378
  -1.21025169  0.21042517  1.51383841  0.25762257]]
### size: 10 ###
[ 0.68094963  0.18570201 -1.32452989 -0.33137301 -0.33962196  2.19482183
  0.16212559  1.45880854 -1.98658776 -0.70025367]
### size: 784, 10 ###
[[ 0.02520211  0.01093042  0.02738954 ..., -0.01006368 -0.01991077
  -0.00635603]
 [-0.00983134 -0.00731929  0.01148667 ...,  0.00338204  0.00233151
   0.02155654]
 [ 0.01877703 -0.01062957  0.00718656 ...,  0.00779243  0.0062815
  -0.01491911]
 ..., 
 [ 0.00996869  0.01744575  0.00863387 ...,  0.01670632  0.02643829
   0.00421083]
 [ 0.01267159  0.00160602  0.01637149 ...,  0.0122322   0.02736443
   0.00713683]
 [ 0.0261586   0.00241941  0.01098398 ...,  0.01307834 -0.0020423
   0.02472784]]
### size: 10 ###
[ 0.43702599  0.4313997   0.42144144  1.63719034 -0.17076515  1.37124717
  1.06346369 -0.01613583  0.86542839  0.13220237]

model: 10-10
### size: 10, 10 ###
[[  4.48578060e-01   1.33431315e-01  -1.90832198e-01   2.86784722e-03
    5.31294882e-01  -3.25664133e-02   3.07839930e-01   5.88152647e-01
   -1.29808998e+00  -4.90687013e-01]
 [ -7.55608141e-01  -5.61772525e-01  -4.95544309e-03  -2.85756290e-01
    6.53063357e-01   4.91659731e-01  -9.81000900e-01   1.28632510e+00
   -4.01932329e-01   5.59968948e-01]
 [  5.24109304e-01  -6.58529103e-01  -4.95176911e-01   5.08672446e-02
    6.88330770e-01  -1.08179355e+00  -4.31067228e-01   1.34347573e-01
    5.94305515e-01   6.74608827e-01]
 [  2.89831962e-02  -6.11942708e-01   4.32424486e-01  -3.82917732e-01
    8.55878517e-02  -1.83305547e-01   1.17837250e+00  -1.07854307e+00
    4.18679357e-01   1.12656243e-01]
 [ -1.27621424e+00   1.20231211e+00  -9.17323232e-01   2.45456219e-01
    3.55360091e-01   2.53864020e-01   2.79427081e-01  -7.55110800e-01
    2.26547420e-01   3.85696054e-01]
 [ -5.77196658e-01   4.08382714e-01   1.41237402e+00   4.07744259e-01
   -7.50512004e-01  -5.84977448e-01  -1.01541471e+00   1.44846737e+00
   -2.36773163e-01  -5.12086630e-01]
 [  5.55301130e-01  -1.60375565e-01   4.64305669e-01  -7.56621182e-01
   -2.35308170e-01   6.50608957e-01   2.14203969e-01  -3.77458423e-01
    7.05568969e-01  -1.06021404e+00]
 [  1.18338596e-03  -1.55903352e-03   3.78415803e-03   2.43725575e-04
   -8.13969935e-04  -9.55899130e-04  -1.08902366e-03  -4.22266341e-04
   -2.73299898e-04  -9.73667120e-05]
 [  6.13157928e-01  -6.28705382e-01   4.28710207e-02   1.00776780e+00
   -1.21992087e+00   6.52141273e-01  -8.63310635e-01  -2.98424423e-01
    2.78752297e-01   4.15659904e-01]
 [ -5.43219209e-01  -1.00730494e-01   5.11216342e-01  -3.37029099e-02
    6.04056597e-01   7.18501151e-01   1.26689225e-01   2.32664533e-02
   -3.49680275e-01  -9.56409991e-01]]
### size: 10 ###
[-0.14215203  0.53657717  0.08090699 -0.27561903 -0.31410411  0.70811701
  0.4576669   0.05722019 -0.85684818 -0.25178245]
### size: 784, 10 ###
[[ 0.06698702  0.02905093  0.07279387 ..., -0.0267481  -0.05292518
  -0.01689123]
 [-0.02613164 -0.01945265  0.03052994 ...,  0.0089875   0.00619737
   0.05730476]
 [ 0.04991645 -0.02825153  0.01909989 ...,  0.02070574  0.01669602
  -0.0396474 ]
 ..., 
 [ 0.02649766  0.04636564  0.02294861 ...,  0.04440271  0.07026988
   0.01119202]
 [ 0.03367838  0.00426743  0.04350983 ...,  0.03250988  0.07272691
   0.01896513]
 [ 0.0695335   0.00643046  0.02919375 ...,  0.03476416 -0.00542771
   0.06572229]]
### size: 10 ###
[-0.23275618  0.18336378  0.34709153  0.7239058  -0.07839482  0.60701817
  0.40418002 -0.01903578  0.28652656 -0.13672119]
### size: 10, 10 ###
[[ 0.8081367  -0.1377303  -1.12207687 -0.57795471  0.61372632 -0.46029747
  -0.05226018 -0.34277222  1.1286515   0.27595681]
 [ 0.65625554 -0.32317707  0.19938068  0.43670928 -0.33343369 -0.24751893
   1.28716063 -0.0849799   0.80468863 -0.89414841]
 [ 0.2040154   0.15876879 -0.35623178  0.69541597 -0.70093817  1.16443348
  -0.13698123 -0.4450542  -0.4001216   0.02982025]
 [ 0.7263335   0.73012888  0.82201177  0.69063091  0.32387033 -0.89534086
   0.54673034 -0.20080334  0.66351569  1.2083118 ]
 [-0.19804031 -0.59317279  0.03257447 -0.67078376 -0.36777914  1.99830163
  -0.14998998  0.27207869  1.26939821  0.10127474]
 [-0.81622916  1.50780094  0.47902784 -0.90557092  0.82693803  0.47820815
   0.64165258 -0.33748338  0.02106951 -0.2310348 ]
 [-0.13636041  0.44938248  0.65992296  0.13359591 -1.268466   -0.32146424
  -1.22493565 -0.15246718  0.17770892 -0.50293249]
 [ 0.70119399 -0.63826567 -0.99796438 -0.52478367  0.24848157  0.82817304
  -0.89239758 -0.23386292 -0.28063136 -0.24681613]
 [-0.86866713 -0.94501716 -0.06739626  0.83029062  0.73682183 -0.10611767
  -0.25051039 -0.12029064 -0.75738204  0.51656061]
 [ 0.39629036 -0.71346343  0.06671517 -0.45025173  1.05986357  0.91927421
   0.14483881 -0.14418828  0.91581696 -1.01236808]]
### size: 10 ###
[  2.45041862e-01   6.31278634e-01  -5.82483351e-01   1.98820695e-01
   2.60688961e-01  -3.48275900e-01   2.00168807e-02   1.68216953e-04
   3.80111970e-02   3.52967530e-01]

model: 10-10-10
### size: 10, 10 ###
[[ 0.18122174 -0.20284353  1.08973157 -0.02413821 -0.74186701 -0.17025986
  -0.15513633  0.56899929  0.27829579 -0.82401347]
 [-0.2974157  -0.37590086 -0.07481556 -0.01331769  0.28721952 -0.28927746
  -0.87471503  0.89696383  0.29074603  0.450515  ]
 [ 0.14006844  0.06760459  0.16279745 -0.03585128 -0.03581579 -0.91625524
  -0.10231055  0.21002027  0.25382146  0.25591618]
 [ 0.15538816  0.12318338 -0.04752048 -0.60396361  1.03126287 -0.76740301
  -0.02125912  0.18602796 -0.44734567  0.39162332]
 [-0.75521278  0.6694296  -0.42599228  0.56166857 -0.65469205  0.79385912
  -0.54563582 -0.00542873  0.26776534  0.09424294]
 [-0.08692789  0.04439687 -0.40241253  0.02830773  0.51118511  0.17363597
   0.66576463 -1.07815278  0.16468562 -0.02048411]
 [ 0.98708689 -0.86802441  0.07628481 -0.19208783 -0.23454989  0.33503088
  -0.15053727  0.14119938  0.05105646 -0.14546674]
 [-0.05952859  0.21514915  0.29938135 -0.54754651  0.10593515  0.01718756
   0.79140741 -0.06308637  0.08231337 -0.84121662]
 [-0.37281996  0.59496045  0.42759964  0.73894376 -0.77514213 -0.16991124
  -0.67206043  0.42210248 -0.32720271  0.13351481]
 [ 0.22207405 -0.39878261  0.08927306  0.18784282  0.1247609  -0.30425259
   0.16274722 -0.73462182  0.07087407  0.58008182]]
### size: 10 ###
[ 0.07376667  0.07562885  0.15951887 -0.45789596  0.55215752  0.46578166
  0.42272991  0.06676912 -1.30737317 -0.05110104]
### size: 784, 10 ###
[[ 0.07412992  0.0321383   0.08055707 ..., -0.02959956 -0.05856903
  -0.01869301]
 [-0.02891795 -0.02152355  0.03377793 ...,  0.00994673  0.00685802
   0.06340913]
 [ 0.05523914 -0.03126493  0.02113719 ...,  0.02291805  0.0184761
  -0.04388211]
 ..., 
 [ 0.02932321  0.05131044  0.0253929  ...,  0.04913484  0.07775956
   0.01238646]
 [ 0.03727037  0.00472244  0.04815194 ...,  0.03597204  0.08048341
   0.0209896 ]
 [ 0.07694566  0.00711606  0.03229716 ...,  0.03846997 -0.00600705
   0.07272467]]
### size: 10 ###
[ 0.00558841  0.00937783  0.23577923  0.39174837 -0.07257941  0.35655206
 -0.13936475 -0.08463459  0.06596412  0.2958813 ]
### size: 10, 10 ###
[[ 0.53321028 -0.31464043 -0.26302066 -0.79684043  0.55753809 -0.47954303
  -0.35838488 -0.37933359  0.73709285  0.43285197]
 [ 0.61195886 -0.08540446 -0.15451856  0.73466182 -0.49905089 -0.15292819
   0.58824694 -0.09410111  0.83156931 -0.40774003]
 [-0.19045046 -0.54400945  0.26563624  0.84244508  0.23107839  1.0476898
  -0.08090342 -0.49246716 -0.11668268 -0.4195711 ]
 [-0.24176101  0.36930028  0.7273224   0.43210864  0.67625391 -0.30847153
   0.37261364 -0.22223854  0.62412357  0.07531889]
 [-0.31588632 -0.43857127 -0.50853229 -0.28895751 -0.76187521  0.78237081
  -0.03110888  0.30096349  1.03909397 -0.35348547]
 [-0.29981834  1.32276583  0.17269713 -0.24917863  0.53962111  0.68221915
   0.6024847  -0.37343758  0.58127475 -0.22592284]
 [ 0.1494801   0.71799421  0.53402698 -0.0757601  -0.61631358  0.4789921
  -0.44776112 -0.16875012  0.1169966  -0.53601789]
 [ 0.35773179  0.04278915 -0.14676619 -0.96834493 -0.51486701  0.46380672
  -0.98594403 -0.25873551 -0.62529945  0.07656321]
 [-0.37440065 -0.2300453  -0.18115     0.60577786  0.84015399  0.04123352
   0.15780658 -0.13311632 -1.04229295  0.23989676]
 [ 0.45401779 -0.09597877 -0.6137799  -0.31823727  0.89825028  0.94618618
   0.18675432 -0.1596418   0.36686745 -0.46231839]]
### size: 10 ###
[  1.95332050e-01   4.00818497e-01  -1.91260278e-01   1.20914407e-01
   2.15917513e-01  -1.68011978e-01   4.52695668e-01  -4.04160019e-05
   1.80243760e-01  -1.17991865e-01]
### size: 10, 10 ###
[[ 0.26985812 -0.09512617  0.13308191 -0.02401895 -0.63771886 -0.23954521
  -0.54466677  0.29118079  0.72954452 -0.54641134]
 [-0.66558444  1.16948116  0.26237714  0.8774308  -0.08565553 -0.49965963
   0.01449169 -0.35037363 -0.04309238 -0.17675412]
 [-0.47621459  0.14748956 -0.02451063  0.0160105  -0.55817509  0.60313088
  -0.06636989 -0.16736691 -0.37152267  0.89242887]
 [ 0.65760493 -0.23895963 -0.17700313 -0.74352002 -0.84879148  0.38751233
   0.58169937  0.66848385 -0.58815569  0.43589339]
 [-0.95170569 -0.30155575 -0.3320989   0.39810222  0.6607424   0.58700544
   0.15295973  0.84268761 -0.90852082 -0.46390146]
 [ 1.29124308  0.30632925  0.96364117  0.71105003  0.80888581  0.6565026
  -0.31565079  0.53582752  0.80889803  0.36248833]
 [ 0.10868261  0.62257081 -0.37893283 -0.24633878  0.14908028 -0.49934316
   0.77873075 -0.00437882 -0.68221915 -0.54077303]
 [ 0.12009218  0.47905943 -0.46318009 -0.2801739  -0.07488121  0.18387207
  -0.0768118   0.46459559 -0.49754041  0.07284277]
 [-0.11724956 -0.0833669  -0.21890487 -0.99479568  0.76428342  0.14889641
   0.73336524 -0.84028     0.89056134  0.38716805]
 [-0.46022731 -0.40908977  0.15594502 -0.22552752 -0.42791805  0.34666702
  -0.14009564 -0.33852023  0.02294316  0.10865232]]
### size: 10 ###
[-0.05475838 -0.05917021 -0.29418927  0.2263409  -0.14012367 -0.19842581
  0.08112592  0.27229205  0.14822553 -0.06128341]

model: 10-10-10-10
### size: 10, 10 ###
[[-0.2433251   0.05853885 -0.58472687 -0.26742876  0.09108076  0.41894117
   0.67663968 -0.44056848  0.43765736 -0.14682868]
 [ 0.24533889 -0.15869418 -0.0395931   0.18046945 -0.25484744  0.24012013
  -0.24887194  0.63981944 -0.65794069  0.05419575]
 [-0.30190206  0.31030744  0.28931451  0.25227344 -0.39415029 -0.29477558
  -1.106619    0.87914276  0.35347438  0.01293074]
 [ 0.77201009 -0.95521563  0.03535905  0.39976463 -0.74445188  0.56369042
   0.10830902 -0.68229795  0.43840012  0.06442463]
 [ 0.28039086  0.19924697  0.1719391  -0.4702464  -0.10806019  0.17903936
   0.15670425  0.81811899 -0.58977008 -0.63737077]
 [-0.71999204  1.00317168  0.27769968  0.11903066 -0.04980124 -0.11152346
   0.33651724 -0.4271473   0.08301811 -0.51098603]
 [-0.91926306 -0.02008295 -0.54215515  0.47156459  0.20350018  0.38809469
  -0.46049142  0.01839736 -0.19512983  1.05555725]
 [-0.00608184 -0.03706802  0.42092818 -0.08419753 -0.0669269   0.01294965
   0.01438635 -0.14334804 -0.06755622 -0.04308594]
 [ 0.16685243 -0.86645144  0.45177212  0.11014324  0.50789809 -0.21631931
   0.44221708 -0.27196822 -0.56525725  0.24112764]
 [ 0.04636821 -0.24840334  0.04466703 -0.35172123  1.06704926 -0.54887372
  -0.4881767  -0.07664598  0.22417499  0.33156565]]
### size: 10 ###
[ 0.45828041  0.28059191  0.06498928 -0.63299251  0.19979164  0.42991379
  0.61165619  0.26958868 -1.15734625 -0.52446252]
### size: 784, 10 ###
[[ 0.06631646  0.02875913  0.07204881 ..., -0.02647801 -0.05238517
  -0.01672359]
 [-0.02587087 -0.01925708  0.03022261 ...,  0.00889772  0.00613451
   0.05672734]
 [ 0.04941354 -0.02796509  0.01890432 ...,  0.02049973  0.01652838
  -0.03925055]
 ..., 
 [ 0.02622757  0.04589998  0.02271578 ...,  0.04395567  0.06956207
   0.01108026]
 [ 0.0333431   0.00422465  0.04306845 ...,  0.0321746   0.07198185
   0.018773  ]
 [ 0.06882569  0.00636526  0.02889749 ...,  0.03441025 -0.00537299
   0.06505174]]
### size: 10 ###
[-0.15173358  0.06055346  0.11072034  0.93927383  0.10937162  0.28819469
  0.99273986 -0.16042219  0.26445839  0.26033261]
### size: 10, 10 ###
[[-0.1610979  -0.37063891 -0.36670792 -0.44718561  0.04841681 -0.27716374
  -0.75999016 -0.33936018  0.90383488  0.85412365]
 [ 0.01541137 -0.41873816 -0.56191713  0.20645668 -0.14877214  0.71728277
   0.93386436 -0.08426349 -0.16500096 -0.91251528]
 [ 0.23806357 -0.86965871 -0.07700812  1.2433306   0.10046993  0.26267919
  -0.28153077 -0.4386571  -0.67009038 -0.41331857]
 [ 0.61847985  0.50588793  0.43203786  0.43201447  0.44179779 -0.33979604
   0.13428733 -0.20260714  0.88948548  0.57956928]
 [-0.05650814 -0.78860104 -0.46467686 -0.58197588  0.16317171  1.06686378
  -0.54872817  0.25944933  0.57811797 -0.39760178]
 [-0.74135447  1.33100414  0.01451028  0.01620972  0.64383233  0.27279913
   0.02471806 -0.33568698  0.08234437  0.38697082]
 [-0.78168011  0.71364069  0.48719952 -0.25441474 -0.9423815   0.3157886
   0.01401985 -0.15088095  0.00685114 -0.44108874]
 [-0.03592258 -0.32191741 -0.66433579 -0.20732902 -0.05432921  0.82806176
  -0.14095227 -0.23156787  0.1210907  -0.47778645]
 [-0.42781675 -0.10347971  0.58010262  0.59040135  0.6279884   0.10645652
   0.06465985 -0.11527532 -0.61228567 -0.06643236]
 [ 1.02585971  0.09964942 -0.06435262 -0.01531792  0.42796934  1.21067226
  -0.22265469 -0.15394582  0.33226341  0.23711601]]
### size: 10 ###
[-0.12905681  0.34250724 -0.26215008  0.45657301  0.34698895 -0.23078471
  0.1553092  -0.00137823  0.11439019  0.14234737]
### size: 10, 10 ###
[[ 0.14900269  0.49918047 -0.48490039 -0.53549057 -1.09517682 -0.08974904
  -0.62714905  0.37283713  0.23356932 -0.47424573]
 [-0.23140582  1.26555586 -0.10117409  0.73324054 -0.21811873 -0.49101299
   0.17321575 -0.79533362  0.51152045 -0.22266099]
 [-0.34656295  0.47883382 -0.18302217 -0.04039253 -0.13134594  0.76775593
   0.00894219 -0.51481515 -0.15723591  0.64446163]
 [ 0.40969512 -0.0655993  -0.23501164 -0.5466755  -0.33834872  0.60586447
   0.68773484  0.84432572 -0.17024988  0.26498976]
 [-0.68918544  0.00153586 -0.31355011  0.49177933  0.68624628  0.68291533
   0.57684577  0.70017844 -0.40256405 -0.47639272]
 [ 0.75349778  0.1461013   1.14645803  0.61441553  1.01681554  0.34760943
  -0.70738679  0.94205528  0.18226637  0.02087342]
 [-0.18409483  0.13763934 -0.48489302  0.43273872  0.52232891 -0.52648395
   0.64369351  0.0073049  -0.47290352 -0.47761923]
 [ 0.10925863  0.43173891 -0.41334364 -0.2485528  -0.06617384  0.15879507
  -0.06870206  0.41455841 -0.44476971  0.06512512]
 [-0.18446499 -0.37904984 -0.24615778 -0.17337659  0.82820064  0.12074207
   0.07835411 -0.28815496  1.12146807  0.00234902]
 [-0.62369329 -0.54990333 -0.14382736  0.10093454 -0.00259913  0.6625554
   0.32934052 -0.58842939  0.43289861  0.12971544]]
### size: 10 ###
[ 0.34686527 -0.25155959 -0.08045901  0.1102521   0.21880645 -0.41904676
  0.38940451  0.16542426  0.08640166  0.01180898]
### size: 10, 10 ###
[[  1.37950778e-02   1.75267369e-01   4.23864245e-01  -3.74273419e-01
    6.69387043e-01  -4.55181897e-01  -1.16752297e-01   1.56172112e-01
    5.71101546e-01  -4.59524959e-01]
 [ -4.27403972e-02  -4.39069420e-01   3.06849718e-01  -4.42079604e-01
   -6.85413405e-02  -7.73210406e-01   7.79910013e-02  -4.96652991e-01
   -3.23469311e-01   1.02603638e+00]
 [ -1.71446636e-01   1.41443372e-01   6.79378092e-01   1.37429848e-01
   -6.88982904e-01  -3.44037980e-01   3.85535717e-01   5.00654988e-02
    6.35230362e-01  -6.90595448e-01]
 [  4.06105250e-01   2.95051992e-01   3.21081758e-01  -1.20140046e-01
   -6.80183619e-02   4.98543561e-01   9.09978986e-01  -4.25165631e-02
   -7.23356128e-01   5.81586003e-01]
 [ -1.09277014e-02   6.41116798e-01   6.15332544e-01   3.13613534e-01
   -2.73305833e-01   8.47189367e-01   8.19263577e-01   5.84584884e-02
   -5.52405357e-01  -7.59870946e-01]
 [  4.67939287e-01  -7.75438547e-01  -3.98840551e-04   1.15142894e+00
   -4.25624549e-01   3.68176326e-02  -1.66314512e-01  -1.50105134e-01
    7.63818562e-01   2.75365829e-01]
 [  1.02141511e+00  -1.12945274e-01  -2.38802642e-01  -1.39225498e-02
    6.33305252e-01   5.77875078e-01  -2.23995633e-02  -1.34105608e-01
    9.09571052e-02  -5.26015982e-02]
 [ -4.80484307e-01  -3.39111805e-01   3.15632761e-01  -5.10549068e-01
   -5.95378220e-01   3.79489303e-01  -1.12558794e+00   4.86453921e-01
    3.50311220e-01  -2.75279135e-01]
 [ -2.35686839e-01   7.66935050e-01  -1.42927811e-01   6.63250327e-01
    1.03972304e+00  -2.79154480e-01  -9.54080466e-03  -2.17511266e-01
   -6.24806471e-02   1.37288600e-01]
 [ -1.95978060e-01  -2.85124809e-01  -4.32668120e-01   1.39081702e-02
    3.88779104e-01  -1.82128742e-01   4.28206593e-01   2.01218650e-01
    2.35726923e-01   1.02364764e-01]]
### size: 10 ###
[ 0.10566596  0.2296904  -0.26643124 -0.38851264  0.3829729   0.024262
 -0.13313317  0.00722657  0.42317128 -0.044156  ]

model: 30-30
### size: 30, 10 ###
[[  2.66971439e-02  -6.99030410e-04  -1.33940233e-02  -5.97258622e-04
   -2.44211014e-02   6.66733161e-02   1.93299050e-03  -1.88288651e-02
   -2.87270769e-02  -8.63895286e-03]
 [ -2.82334268e-01   2.88677901e-01   6.34620786e-01   4.42300618e-01
   -2.51212537e-01  -2.14395732e-01  -2.76401311e-01   3.30138743e-01
    3.20500076e-01  -9.91894543e-01]
 [ -1.38204414e-02   1.78255081e-01   8.86125147e-01  -2.86349475e-01
    4.80450541e-01   1.31118030e-03   9.89590888e-04  -5.88895287e-03
   -8.52356911e-01  -3.88712347e-01]
 [ -1.13002084e-01  -2.33925264e-02  -1.04710571e-01  -7.64133334e-01
    6.85726106e-01  -3.67923766e-01  -5.29143453e-01   7.20353901e-01
   -4.96926516e-01   9.93158102e-01]
 [ -2.64345229e-01  -2.21208766e-01  -3.00271481e-01   4.84278560e-01
    1.69378743e-01   2.82606363e-01  -2.57772386e-01   2.59070843e-02
   -4.93785650e-01   5.75213015e-01]
 [  3.15547287e-01   4.24499549e-02   7.24749506e-01   2.27855965e-01
   -7.83036053e-01   2.36527368e-01  -4.17630345e-01  -8.94424021e-01
    4.61166769e-01   8.68002251e-02]
 [ -3.37260485e-01   6.05568469e-01  -6.36817634e-01   6.62469447e-01
   -8.01704824e-02   5.04166961e-01  -1.11947328e-01  -2.71648437e-01
   -3.27497274e-01  -6.84730988e-03]
 [ -1.37117231e+00   2.00933874e-01  -4.52215344e-01   5.83254844e-02
    8.77507091e-01   5.00047803e-01  -5.37855864e-01  -3.17260623e-01
    1.10677087e+00  -6.50802031e-02]
 [ -2.06833407e-01   3.71003002e-01  -1.05566613e-01  -1.83647439e-01
   -1.02490234e+00   1.01237655e+00   3.58908951e-01  -3.98156732e-01
   -5.35493970e-01   7.12297440e-01]
 [ -2.80131411e-04  -1.29349635e-03  -4.81834169e-03   1.56518014e-03
   -4.68189304e-04  -1.11015537e-03   2.51573534e-03  -4.84942272e-03
    9.92326823e-05   8.63919314e-03]
 [  7.72942677e-02   4.87434193e-02  -5.20923594e-03  -8.08867663e-02
    5.99332340e-03   4.18610349e-02   1.45363780e-02   7.35924244e-02
   -1.56490635e-02  -1.60277247e-01]
 [  1.17957301e-01   1.84824795e-01   6.15633249e-01   3.70767713e-01
    5.19818552e-02  -1.26901281e+00  -1.52582943e-01   3.11042249e-01
   -5.23736954e-01   2.93125391e-01]
 [  5.37158012e-01  -1.01742899e+00  -5.41374385e-01   1.19673312e-01
   -4.84573096e-01   5.87767124e-01  -3.64091814e-01   1.03333580e+00
    3.68975326e-02   9.26442444e-02]
 [ -2.09319517e-01   1.40588388e-01   9.53614831e-01  -2.70593166e-01
   -1.05438316e+00  -2.83161491e-01   1.12406194e+00  -1.12239026e-01
    6.69837072e-02  -3.55571389e-01]
 [  6.95619941e-01  -9.41615924e-02   1.17193677e-01  -1.78621188e-01
   -1.67628229e-01   3.41041446e-01   8.10805559e-01  -4.72059369e-01
   -4.22611415e-01  -6.29594803e-01]
 [ -1.01999366e+00   1.20906115e+00   1.22018248e-01   7.09797621e-01
   -9.29566920e-01   1.74338579e-01  -4.59534526e-01   9.94271338e-01
   -5.78028075e-02  -7.42597342e-01]
 [ -5.39171696e-01   2.50896394e-01   2.20487684e-01   1.21425080e+00
   -6.00282550e-02  -4.41498488e-01  -4.28685904e-01  -6.21387325e-02
   -7.40378946e-02  -8.01767483e-02]
 [ -2.81754285e-01   7.51210749e-02  -1.78920627e-01  -2.87713885e-01
    3.65375459e-01   7.29443669e-01   9.58798468e-01  -5.54056883e-01
   -4.58620518e-01  -3.67672652e-01]
 [  1.19637549e-01   8.85767817e-01  -7.64058352e-01   1.89584702e-01
   -5.70188582e-01  -1.16355956e-01  -7.07400218e-02  -5.67445397e-01
    1.91004798e-01   7.02797949e-01]
 [ -1.54813111e-01  -9.22635674e-01   3.91618550e-01   4.26252455e-01
    5.37406921e-01  -3.59792292e-01  -6.49578035e-01   4.92449515e-02
    1.79968458e-02   6.64287806e-01]
 [  1.22793727e-02  -1.15757808e-03  -7.02242414e-03   4.09614807e-03
   -3.61238443e-03  -1.66673015e-03  -5.75650809e-03   7.58566475e-03
   -8.55525082e-04  -3.89649183e-03]
 [  9.94810909e-02  -4.96514961e-02  -3.30168366e-01  -1.62974540e-02
    7.36463249e-01  -3.31860259e-02   3.99576396e-01   5.26966989e-01
   -2.11938471e-01  -1.12125134e+00]
 [  1.05524264e-01  -2.84130514e-01  -5.55548072e-01   5.39534330e-01
    7.79213905e-01  -2.42840514e-01   1.25579730e-01   5.26838638e-02
    3.40585738e-01  -8.60602796e-01]
 [  7.10055709e-01  -2.41940886e-01   5.97286224e-01   9.94823873e-02
    1.23559423e-01  -7.03745246e-01  -2.90135950e-01   2.56405473e-01
   -3.27496678e-01  -2.23479778e-01]
 [  5.06704748e-02   3.18942398e-01   2.43549749e-01  -8.29958439e-01
    5.07162213e-01  -5.49640536e-01  -1.78349867e-01   4.76546958e-02
    8.39921892e-01  -4.49936032e-01]
 [  1.75945908e-01  -3.95174026e-01   8.04361582e-01   2.24359185e-01
   -9.43261445e-01   5.47430217e-01  -6.48954511e-01   6.18187070e-01
    1.35847339e-02  -3.96479547e-01]
 [  2.52469718e-01   3.53644937e-01   4.81689870e-01  -4.92409229e-01
   -1.15383096e-01  -8.89946148e-02  -1.26461312e-01   6.78922713e-01
   -1.05953026e+00   1.16069101e-01]
 [ -5.91360778e-02  -6.64029777e-01  -5.91664970e-01   5.86424649e-01
    4.80229765e-01   3.72329265e-01  -1.04632139e-01  -8.99866223e-01
    3.13868016e-01   5.66470385e-01]
 [  6.87455773e-01  -5.55267394e-01   1.42764434e-01  -9.52761531e-01
   -6.12615883e-01   3.18100631e-01   8.78795028e-01  -4.60222661e-01
    5.60417652e-01  -6.69479603e-03]
 [  4.71183449e-01   7.56432042e-02  -1.20890543e-01  -6.85946643e-02
   -1.73663497e-01  -1.21506655e+00   5.27933300e-01  -1.15920171e-01
    1.82990283e-01   4.36361402e-01]]
### size: 10 ###
[-0.13263099  0.53022289  0.03918183 -0.18594377  0.06599912  0.30109549
 -0.20749201  0.0160509  -0.35901874 -0.06746171]
### size: 784, 30 ###
[[ 0.0594954   0.02580263  0.06462516 ...,  0.01839288  0.01482719
  -0.03521628]
 [-0.00180604  0.0397201   0.04450697 ...,  0.04137194  0.00787406
  -0.01929719]
 [ 0.00562415  0.04908455 -0.04989773 ...,  0.05339219 -0.05319194
  -0.03886961]
 ..., 
 [ 0.0377989   0.06104447 -0.06073478 ...,  0.00495574 -0.00058255
  -0.02123328]
 [ 0.00624897 -0.04639897 -0.01820752 ...,  0.02308756  0.00025951
  -0.05012136]
 [ 0.02664262  0.05998752 -0.0349279  ...,  0.04713063  0.03107127
  -0.02800721]]
### size: 30 ###
[ 0.12810291  0.07693905  0.15839997 -0.03230073  0.09322968  0.21906455
 -0.16635355 -0.1973764   0.14801596 -0.02609056 -0.29258752 -0.04236327
  0.1489407  -0.08482866  0.19892356  0.02849999 -0.12302727 -0.057459
 -0.13103217  0.33945122  0.13474008 -0.3055208   0.17697567 -0.10323393
  0.0861773  -0.16519353  0.16563404 -0.00771223  0.04494781  0.10397391]
### size: 30, 30 ###
[[ 0.09874087 -0.46242464 -0.38674563 -0.04541223 -0.08050013 -0.39905369
   0.51830959  0.27020675  0.06066641 -0.16216239  0.07717597 -0.55642486
   0.34327981 -0.49792218  0.31322631  0.46287757 -0.34571561  0.479058
   0.46617687 -0.48157299  0.23695284  0.16099264  0.00513688 -0.38326406
  -0.09996711 -0.09675034 -0.18128948  0.09547444  0.20305714 -0.19424099]
 [-0.09073238 -0.14136955  0.13617714  0.81732625  0.05629576 -0.44071409
  -0.01608604  0.20546222 -0.53144616 -0.09755456 -0.14784397  0.38457027
  -0.26995742 -0.02968671 -0.28013584 -0.3842628  -0.35618964 -0.15939848
   0.09881816  0.23582409 -0.12663221  0.10351401 -0.38808948  0.10600289
   0.50352752 -0.15569516  0.7616809  -0.38528568 -0.16514117  0.11607185]
 [ 0.09726949 -0.31520841 -0.2167172   0.20238845  0.07111418 -0.46911913
  -0.25898588  0.13244404  0.09686924  0.08836084 -0.01383866 -0.22952797
   0.51740348  0.30425286  0.16628876  0.24133664 -0.38692832  0.36994559
  -0.49632841 -0.07786236 -0.05169778  0.39498198  0.26336908  0.0792399
  -0.07848201  0.00688273  0.08353022  0.17483571  0.57666701  0.28479013]
 [ 0.03146407  0.28556761 -0.2129875  -0.73763245 -0.41353253  0.50403947
   0.38784409 -0.51026654  0.45197555 -0.12278661  0.03906275 -0.28231269
  -0.02155417  0.37764335  0.57148564 -0.09708171  0.25629765  0.14461575
   0.50589752 -0.52980554 -0.12568827  0.09386358 -0.10275328  0.33461496
   0.15543832  0.30549073 -0.10301057  0.01263172  0.41131631 -0.02807681]
 [-0.04108024  0.03476367  0.09485608  0.29444468  0.48432386  0.30972034
  -0.29660797 -0.01497419  0.18034983 -0.01745035  0.0114186   0.13396211
   0.64810807 -0.60180879 -0.07132928  0.04456604 -0.16418147 -0.40825951
   0.09418913  0.57463962  0.10274805 -0.1663785  -0.24531677  0.17980801
  -0.66538072  0.81975496 -0.02553844  0.18429747 -0.30383962 -0.42883369]
 [-0.0562092   0.5631308   0.25121334 -0.31257647 -0.02310386  0.17944854
  -0.2063622   0.24139804  0.52288997  0.09904737 -0.10595913  0.24462758
  -0.09224213  0.64533287  0.32467854  0.02606182  0.29211935  0.43914568
   0.67144758  0.34157401  0.04988279 -0.15863717  0.48604897 -0.14637369
   0.21088523 -0.13161735 -0.07210969  0.63689095  0.17747046  0.41549215]
 [-0.191459    0.07245073 -0.12532526 -0.02612637  0.18067273  0.072478
  -0.1921248  -0.62067705 -0.37570336  0.12257698  0.07000405  0.31049055
   0.21821541  0.06715073 -0.20810853  0.33738965  0.07149957 -0.55149972
   0.46710226  0.33161807  0.03244529 -0.70771056 -0.07290312  0.22504544
   0.06427331  0.29859719  0.56975949 -0.18204442  0.05115129  0.55823684]
 [ 0.04887149  0.12248188  0.17381945  0.19232403 -0.03895357 -0.00992716
  -0.03083865 -0.84326035  0.07895093 -0.20004515  0.12154955 -0.02106822
   0.45975956  0.05322472  0.50749916  0.05497794  0.13616382  0.34000286
  -0.41007385  0.13236322 -0.02306263  0.05424293 -0.20490515  0.03580766
  -0.38233545  0.4778046   0.43644494 -0.30629271  0.36582354 -0.1095869 ]
 [ 0.10407379 -0.02400486 -0.03963457  0.0354035   0.42341414  0.35692427
   0.54970616  0.73697335  0.39494035  0.07376888 -0.21859273  0.0150952
   0.39752156 -0.44441217 -0.38500351 -0.11253541  0.34825689  0.24952212
  -0.15429381  0.55464756  0.04767858  0.04058478  0.27439883 -0.11940067
  -0.24798693  0.183121   -0.19419715  0.59838444 -0.4604589  -0.56157631]
 [-0.17661723 -0.07799049 -0.23446362  0.3394177  -0.03312387  0.31217939
  -0.04727727 -0.60018277  0.18641989 -0.0070391  -0.07752065  0.27604729
   0.37017533 -0.14552502  0.39742196 -0.11071853  0.32258257 -0.27917129
  -0.13465758  0.09877803  0.16697952  0.36283928  0.11503     0.505454
  -0.36946526  0.32587668 -0.24949233  0.19085246  0.06555099  0.60204214]
 [ 0.14491019  0.57435632  0.47771269 -0.43644142 -0.09893293 -0.1339241
   0.19700284 -0.05331064 -0.16179329 -0.21509598  0.13664915  0.14391454
   0.22699264 -0.13101049  0.0663546   1.09889567  0.30484021 -0.09319133
  -0.04299211 -0.19591741 -0.00841026 -0.04563997  0.065107    0.2695947
  -0.14498153  0.44278604  0.41491026 -0.68513918 -0.4031159  -0.31739077]
 [-0.06719946  0.0063701  -0.13933013 -0.38001204 -0.06597655  0.39576754
   0.05287652  0.04900016 -0.18731523 -0.15005998 -0.01872727  0.4900662
  -0.45097342  0.28853267 -0.25258511  0.31912339  0.31692898 -0.38901216
   0.350115   -0.24508795 -0.08494975 -0.25274727 -0.2929616   0.22501238
  -0.06857504 -0.25987017 -0.19896834  0.0384668   0.17119563  0.37347907]
 [-0.10852583 -0.07838186 -0.41347128  0.50002772  0.06108953 -0.00809021
   0.18449813  0.64967835 -0.26630238 -0.15037394 -0.02097928  0.39216426
   0.43261182 -0.38460958 -0.63738436  0.66186619  0.38451216 -0.36510143
   0.29865414  0.10633694 -0.07454421  0.16087754  0.1392879  -0.11042796
   0.32305157  0.45334604 -0.02819746  0.0920184  -0.49312058 -0.0219294 ]
 [-0.09663405  0.30519724  0.27181745 -0.44534549 -0.08207153  0.33881873
   0.23060177  0.39245254 -0.0316775  -0.04091672  0.01752044 -0.32355803
  -0.28983611 -0.26022995  0.40372661 -0.49439386 -0.18568631  0.41770098
  -0.1784748   0.1409342  -0.20485701  0.61724097  0.50133944  0.17374568
   0.44982189 -0.06780255 -0.34575334  0.45868415  0.42630455 -0.13161704]
 [-0.12565736 -0.35030475  0.02039941  0.38687626 -0.30939224 -0.17063838
  -0.27004382 -0.08698358  0.48532814 -0.11537215 -0.05216265  0.18370484
   0.2952669   0.57173759  0.39395127 -0.1304943  -0.59233201  0.42713252
  -0.33582237  0.02805511 -0.14300945  0.63210469 -0.22730529  0.19989921
  -0.14637014  0.12603149 -0.02230428 -0.32632804  0.52964693  0.04791094]
 [-0.17177959  0.49883923 -0.36584356 -0.62298983 -0.43790975  0.45248285
   0.06158738  0.39597794 -0.04529289  0.03832762  0.16202432 -0.01945011
  -0.38502732  0.79156131  0.25628638  0.664841   -0.07909566  0.082872
  -0.30577523 -0.14071609  0.12177166  0.13208155  0.360854   -0.22192878
   0.1541885   0.27103809  0.29882184 -0.38099322  0.32909691 -0.11646421]
 [-0.22416128 -0.1226194   0.04973483 -0.03398211  0.22710723  0.07587809
  -0.42082763 -0.03498762  0.25212193 -0.22184445  0.1579328  -0.04502694
   0.07623998  0.57944751  0.24922732 -0.47310433 -0.62916017  0.26182804
   0.19017127 -0.03352668 -0.06787426 -0.33361468 -0.2315819  -0.42083928
  -0.16099967 -0.03806153 -0.45232716  0.02882907  0.59737855  0.30376637]
 [-0.13222362  0.01594928 -0.39270976 -0.02168991  0.17039724  0.36556494
  -0.08815616 -0.35409483  0.52352017 -0.22551925 -0.08979368  0.19988121
   0.61353207  0.3072454   0.01826587  0.36546874  0.19369264 -0.57712615
  -0.42374328  0.39567253 -0.11799667 -0.50583643 -0.36627674  0.36185747
  -0.59863991  0.64323115 -0.07675423 -0.12572555  0.338406   -0.04056094]
 [ 0.19204479 -0.20580077 -0.23543553 -0.19225587 -0.10885578 -0.21358173
   0.21835248  0.28743935  0.68987983  0.10033031 -0.01541388 -0.46647081
   0.62138653  0.25963342 -0.09524366  0.40706903 -0.30019236  0.44787464
  -0.10481002 -0.20007506 -0.00174225 -0.24300906 -0.51057673 -0.38678482
  -0.27478951  0.61337501  0.00307145 -0.30692413  0.23836413 -0.42022508]
 [ 0.1302496   0.48799103  0.31762186 -0.20078972 -0.48450765  0.50181592
  -0.11243663  0.45683655  0.3326084  -0.05861564 -0.13710338 -0.07676785
   0.00151772  0.32256839  0.12171227  0.24842303 -0.11099769  0.02644532
  -0.06574651  0.11966905 -0.22894789 -0.48958004 -0.12133686  0.24299257
   0.40172547  0.26075244  0.0131984  -0.16080663  0.37049156 -0.04725095]
 [ 0.0569918   0.12367595 -0.03631807  0.09999578 -0.09545386 -0.29997954
   0.10935277  0.20040226 -0.25913075  0.16257885 -0.23803063  0.69729793
  -0.46627915  0.06606777 -0.38553944  0.90555763  0.24072719  0.16194506
  -0.10707143  0.27195832 -0.09336029 -0.02212516 -0.09327409  0.28088668
  -0.2562612  -0.05377939  0.59866011 -0.1769976  -0.7660538   0.20996776]
 [ 0.12366383 -0.07100341 -0.29808673 -0.08751736  0.268994    0.15176116
   0.45937908 -0.04124936  0.72417343 -0.10120225  0.19793235 -0.50564659
  -0.19746901 -0.09005093  0.31848991  0.94179845 -0.10778445  0.15016429
   0.4312208  -0.85650223 -0.19026965 -0.28736514 -0.3893609  -0.33399594
  -0.59733552  0.03206025  0.05183065 -0.1434788   0.053931   -0.25674841]
 [ 0.14913194  0.14341222  0.38328114  0.22438465  0.09229604 -0.44503328
   0.30738333 -0.21317697  0.1780709   0.07970911  0.16747828  0.7055698
  -0.35629773  0.31763467  0.17040305  0.67283231  0.20210059  0.09592524
   0.15697175 -0.12983222 -0.0221328   0.02400994  0.09816922  0.26791164
  -0.14938155 -0.16880159  0.37249568 -0.45119214 -0.6373204   0.09811938]
 [ 0.04432512 -0.52933472  0.16001454  0.65987313  0.01077799  0.05621677
  -0.24805227  0.31984189  0.19514017  0.09482918  0.20429562 -0.07417687
  -0.03198399  0.13388287 -0.04964852 -0.51503491 -0.30628493  0.2481496
   0.34393352  0.10542237  0.10499326  0.27070838 -0.42230901 -0.33177856
   0.26861981 -0.42810342 -0.2663537  -0.11110013  0.38592795  0.32132319]
 [ 0.08710915 -0.25527728  0.19707556 -0.00410715  0.01452344 -0.47241035
   0.14522585  0.41756111 -0.53377503 -0.07227125  0.19978327 -0.22887303
   0.30524284 -0.54333335 -0.17248504 -0.12655003 -0.01507487  0.07235607
  -0.35973325 -0.05877999 -0.12513559  0.39603633  0.64587492 -0.02480486
  -0.22016679 -0.34646952 -0.05376454 -0.05296235 -0.26625729  0.06306291]
 [ 0.07977664 -0.1277145  -0.2617045   0.40079507  0.40424839  0.19460115
   0.48960122  0.64529443  0.49414575 -0.21620698  0.02684221 -0.24304669
  -0.10594714 -0.52924991 -0.33151612  0.00932728  0.13708077 -0.02214038
   0.41193727  0.44250417 -0.1826279  -0.38920325  0.04847525 -0.48472902
   0.11647134 -0.30024564 -0.31081298  0.76102072 -0.2945559  -0.48363331]
 [-0.14021176  0.24295042  0.85400188  0.32394984 -0.19440649 -0.08330946
   0.08151024  0.41887996 -0.47681046 -0.02050236 -0.07912336  0.26796564
  -0.22862191  0.20464605  0.22481935 -0.15081261  0.30770782  0.49409813
  -0.37945586  0.32285121 -0.16709018  0.30910382  0.44728139  0.44602552
   0.13421595 -0.38628346 -0.0414594   0.2583034  -0.02202187 -0.00457671]
 [ 0.18789752 -0.42201486  0.21984392  0.28416249  0.27409461 -0.49049312
   0.43586564 -0.73226255  0.27981037  0.14048065  0.18107681  0.38205391
   0.36595219 -0.31366003  0.27784988 -0.40183407  0.30536127  0.38710982
   0.37426272  0.04666192  0.03316772  0.33399281 -0.11434805  0.21263297
  -0.48673168 -0.09574566  0.39501664 -0.01675064 -0.21299459 -0.05392808]
 [ 0.14208333  0.02952248 -0.17007819  0.1520118   0.19008917  0.27624813
  -0.30793831  0.33378461 -0.45129782 -0.22073598  0.07067306 -0.28077295
   0.44376126 -0.43565136 -0.01551006 -0.53100449 -0.52882874 -0.2558144
  -0.14391954  0.19865507 -0.22370838 -0.03747325 -0.0641901   0.1170343
   0.20804799  0.0105137  -0.38028577  0.25529227  0.35657522  0.32985258]
 [-0.03329201  0.22022906  0.16732317  0.01063936  0.35675189 -0.06633461
  -0.06684052  0.3747642  -0.22393332 -0.05974923  0.07066751 -0.00998761
   0.0494061   0.09403723 -0.08265505 -0.23945066 -0.40180376  0.05750763
   0.30554938  0.15658504 -0.09632234 -0.12516211  0.54264557 -0.28904903
   0.45516962 -0.640338    0.20993143  0.29287207  0.17240265  0.31014648]]
### size: 30 ###
[ 0.00772703 -0.05313231  0.14640488  0.05965983  0.02265592  0.10525566
  0.09838507  0.2587595   0.05562133  0.00050237  0.0072849   0.01126058
 -0.03681499 -0.01562951  0.02315376  0.04803116 -0.02693451  0.21737777
  0.09405543 -0.07457417  0.00112286  0.0872668  -0.01445821  0.02502194
  0.10830414  0.04864617  0.12538947 -0.04980275  0.09234355 -0.05093984]

model: 50-50
### size: 50, 10 ###
[[  1.20372564e-01  -8.86713490e-02  -8.30880105e-02   1.43355906e-01
   -7.42206335e-01   3.21422160e-01  -2.27665260e-01   1.61368564e-01
   -4.75759476e-01   8.70872557e-01]
 [  5.18829942e-01   4.68626097e-02  -1.20718069e-02  -5.98262608e-01
    1.14845276e-01  -3.00024360e-01  -2.21120372e-01   4.05884534e-01
   -2.14169562e-01   2.59234607e-01]
 [ -3.66981834e-01   4.68481109e-02  -2.81127155e-01  -1.58369154e-01
    6.40923440e-01   4.38567907e-01   1.23429582e-01   4.93106723e-01
   -1.65153578e-01  -7.71231592e-01]
 [ -3.56892079e-01  -9.31627303e-02  -4.98546988e-01   7.95772523e-02
   -7.84212723e-02   8.47073019e-01   1.30956769e-02  -3.56866509e-01
    2.55299270e-01   1.88849732e-01]
 [  6.18338818e-03   3.50248694e-01   6.90118372e-02  -3.15994173e-01
   -1.27741620e-01   2.67939955e-01   1.02780826e-01   3.37034129e-02
   -2.31141180e-01  -1.55001059e-01]
 [ -1.44743785e-01   8.15054834e-01  -5.13423860e-01  -1.32945597e-01
    9.18178111e-02   5.48302680e-02  -1.89243510e-01   4.80066687e-01
   -4.95433599e-01   3.40213403e-02]
 [ -1.06252342e-01  -2.81496048e-01   6.31368101e-01   6.98182881e-02
    4.57354523e-02  -2.77110785e-02   5.49246848e-01  -6.54681265e-01
   -5.15834212e-01   2.89791465e-01]
 [ -5.50299585e-01   1.70713708e-01  -1.23300232e-01  -2.24454656e-01
   -2.71103442e-01   6.53803587e-01   2.41487756e-01  -5.16250916e-02
   -3.41113135e-02   1.88889280e-01]
 [ -5.43621421e-01   1.18839562e+00   2.88719267e-01  -4.48538989e-01
    1.49610877e-01  -3.23055452e-03  -1.34954408e-01   5.34811080e-01
   -4.63692904e-01  -5.67508340e-01]
 [ -2.74057329e-01   2.28209570e-01  -2.17224404e-01   2.39984035e-01
    2.93725818e-01  -1.60030380e-01  -4.22925442e-01   1.09117255e-01
    2.95357823e-01  -9.21726823e-02]
 [  8.83325487e-02   1.68128312e-01   5.58610976e-01  -1.32429034e-01
   -1.60028175e-01  -3.18827748e-01  -1.68116778e-01   6.99322939e-01
   -3.15033197e-01  -4.19944823e-01]
 [ -4.11379278e-01  -1.51230633e-01   5.00217736e-01   5.38143754e-01
   -1.08254716e-01   1.35034114e-01  -8.00267607e-02   7.77825713e-02
   -1.46388650e-01  -3.53899300e-01]
 [  4.18368071e-01  -1.51764125e-01  -1.90243721e-01  -5.14024682e-02
   -7.08966970e-01   2.90527940e-01   8.23718607e-01  -3.42759550e-01
    2.86605567e-01  -3.74085397e-01]
 [ -1.69361625e-02   1.00094825e-01   8.49024281e-02  -1.00286901e-01
   -2.71191597e-02   5.57866916e-02  -7.02272281e-02  -5.73295057e-02
   -7.69107661e-04   3.18812840e-02]
 [  1.47744091e-02   4.60145921e-02   1.83221728e-01  -2.83372141e-02
   -2.43542433e-01   3.58378261e-01  -1.09176047e-01  -7.86514804e-02
   -1.99257553e-01   5.65980040e-02]
 [ -3.97171304e-02   2.60012895e-01  -1.90688461e-01   2.21316833e-02
    1.19188130e+00  -5.16407609e-01   2.02165246e-01  -1.63270593e-01
   -4.87156481e-01  -2.78968304e-01]
 [  1.23192191e-01   1.34727927e-02   2.64990866e-01  -8.67775828e-02
    4.79520373e-02  -7.60192499e-02  -2.24086523e-01  -4.81701083e-02
   -1.52233660e-01   1.37675703e-01]
 [ -1.37428632e-02   6.80315271e-02   5.67090809e-02  -7.11373508e-01
    2.52326012e-01  -3.95033695e-02   3.85919839e-01  -1.10006593e-01
    5.81728995e-01  -4.70081806e-01]
 [ -1.61493346e-01  -7.29768500e-02   4.62779641e-01   4.68880355e-01
    6.75934106e-02   3.11511040e-01   1.07910082e-01  -5.04403770e-01
   -1.60394341e-01  -5.19429266e-01]
 [ -6.21281415e-02  -2.13896498e-01   1.86832115e-01  -4.14955378e-01
    2.70058841e-01   3.27307433e-01  -4.58093822e-01   8.03035259e-01
   -5.46344042e-01   1.08182132e-01]
 [  3.48675959e-02   5.79504013e-01  -2.71983296e-01  -3.89429092e-01
    4.88301158e-01  -8.87118727e-02  -1.77058488e-01  -8.63463506e-02
   -3.07270497e-01   2.18126819e-01]
 [  5.87216280e-02   1.79731306e-02  -5.58358490e-01   4.43279922e-01
   -7.24500835e-01   1.29853237e+00   3.30798253e-02  -3.76529574e-01
   -9.73403454e-02  -9.48958844e-02]
 [ -6.85257197e-04   1.58951245e-02   2.16368660e-02  -1.27770845e-02
   -2.23002257e-03  -9.60247649e-04  -2.98703951e-03  -7.44462386e-03
   -1.63825918e-02   5.93592972e-03]
 [  4.77955192e-01  -3.35724503e-01   6.06363356e-01   3.95137519e-01
   -8.55538309e-01  -1.10975862e-01   2.57475376e-01   1.27197444e-01
    6.81942701e-01  -1.24384296e+00]
 [  4.11244005e-01   9.04316083e-02   4.15747225e-01   3.91668856e-01
   -4.73933607e-01  -4.26707089e-01  -2.86844552e-01   2.67473042e-01
   -3.39099616e-01  -4.99956757e-02]
 [  1.52675018e-01  -5.02110600e-01  -7.21156299e-01   5.73731124e-01
    4.12447512e-01   1.59279794e-01  -8.50059927e-01   2.95733422e-01
    1.94132164e-01   2.85312146e-01]
 [  9.02534500e-02   9.00418460e-02   6.05739474e-01  -2.22791210e-01
    3.88294756e-01  -6.25441909e-01  -3.09342653e-01  -1.87373862e-01
    2.93541312e-01  -1.22921728e-01]
 [  4.48534414e-02  -5.61757863e-01   1.17928684e-02  -3.58135730e-01
   -6.34419769e-02   4.55549091e-01  -3.63894135e-01   7.69954085e-01
   -8.98754783e-03   7.40369707e-02]
 [ -2.40457594e-01   2.65933629e-02  -4.10848297e-02   4.42333192e-01
    9.23589170e-02  -3.78567547e-01  -3.77065003e-01  -1.66809261e-01
    3.85238379e-01   2.57450491e-01]
 [ -2.88952261e-01  -5.65626979e-01   3.43373448e-01   8.01981151e-01
   -9.95824933e-01   1.46274166e-02  -4.77211326e-01  -2.29262859e-01
    3.46736968e-01   1.05015230e+00]
 [ -1.35827973e-01  -4.37816560e-01   2.98963010e-01   6.54734910e-01
   -1.82890981e-01  -6.20778739e-01  -7.83646345e-01   6.49839640e-01
    1.13685541e-01   4.43741977e-01]
 [ -3.49141330e-01   3.00835967e-01   6.80793822e-01  -2.35407025e-01
    1.77445680e-01  -2.09348679e-01  -5.48623949e-02   2.26861998e-01
   -7.30809569e-02  -4.64104742e-01]
 [ -5.71577966e-01  -3.16586569e-02   1.23740815e-01  -1.99306663e-02
   -6.15433678e-02   4.81690139e-01   5.34473896e-01  -1.08631410e-01
    1.57552958e-01  -5.04114032e-01]
 [ -3.47809076e-01   7.44397119e-02  -2.81033635e-01   9.75161016e-01
   -1.80752262e-01   7.46923149e-01  -5.32984912e-01  -5.51512837e-01
   -1.11575723e-01   2.09170192e-01]
 [ -2.80018419e-01   3.09048191e-04  -8.72499347e-02   1.61540896e-01
   -1.22231558e-01   4.56083506e-01   2.83711672e-01   1.60319079e-02
   -2.78788567e-01  -1.49394184e-01]
 [ -4.45780486e-01  -8.59282613e-02   1.35702327e-01  -7.10466444e-01
    2.14509904e-01  -8.87944028e-02  -2.26723030e-01  -5.35254061e-01
    1.31637001e+00   4.26357955e-01]
 [  1.95356786e-01   5.20183705e-02  -6.46664739e-01  -8.43143389e-02
    9.56094936e-02  -1.56134441e-01   2.53988981e-01  -3.94974828e-01
    4.40094590e-01   2.45013565e-01]
 [  7.32038915e-01  -2.55139545e-02   5.94426870e-01  -3.92637908e-01
   -1.61416888e-01  -7.25316852e-02  -1.71899125e-01   2.78158098e-01
   -6.74000978e-01  -1.06642365e-01]
 [ -1.22093856e-02   1.98073998e-01   7.07389228e-03   2.06651121e-01
   -1.69367507e-01   6.70593321e-01  -2.19247624e-01   1.10636689e-01
   -7.04646885e-01  -8.76424909e-02]
 [ -1.79400062e-03   4.57403183e-01  -8.99048567e-01  -5.92990220e-01
    3.58758003e-01  -1.39047712e-01   3.89370739e-01  -3.63671899e-01
    1.81120992e-01   6.09909236e-01]
 [  1.24094123e-03  -2.40557238e-01   3.46480399e-01  -1.60619356e-02
    7.39026904e-01  -4.10663694e-01   3.97171170e-01  -1.12944148e-01
   -1.46401152e-01  -5.57298779e-01]
 [  2.28895187e-01  -2.11528584e-01  -3.26294690e-01  -6.37007475e-01
    3.45834106e-01   3.02532427e-02   6.10831916e-01  -9.42551613e-01
    2.07256734e-01   6.94302440e-01]
 [ -1.96903974e-01   3.28491420e-01  -1.05359834e-02  -9.71137956e-02
   -2.01763824e-01   9.28624570e-02   3.91861983e-02   9.62311625e-01
   -5.19325376e-01  -3.97200555e-01]
 [  9.69941139e-01  -5.16216815e-01   5.11703908e-01  -4.47215766e-01
   -6.70366526e-01   5.71876727e-02   3.83040100e-01  -1.39648497e-01
    1.74876392e-01  -3.23323101e-01]
 [  1.48984760e-01   8.51141065e-02   3.99931744e-02   6.98355809e-02
    1.28174536e-02   2.96877492e-02  -1.01502538e-01  -1.12244777e-01
   -2.12584719e-01   3.98990326e-02]
 [ -8.18189859e-01   9.44213033e-01   4.40710515e-01   8.52153957e-01
   -4.86615300e-01  -6.75385833e-01  -7.25571573e-01   5.02308547e-01
    8.88793617e-02  -1.22504249e-01]
 [  5.53935468e-01  -1.56742766e-01   4.39798534e-01  -1.44173950e-01
    2.04890326e-01  -9.88309145e-01   3.82239312e-01   9.38810185e-02
   -4.26427007e-01   4.08809744e-02]
 [ -9.68249440e-02   1.03538454e-01  -4.99739528e-01   4.43634272e-01
    3.11068654e-01  -1.04547039e-01  -1.09668039e-02   1.06200077e-01
   -5.10835648e-01   2.58466750e-01]
 [ -5.11663675e-01   6.09206967e-02   6.27065152e-02  -3.85105424e-02
    1.86735824e-01   5.02753146e-02  -3.43031436e-01   2.16322467e-01
   -2.36650072e-02   3.39895159e-01]
 [  1.32876441e-01   1.16962217e-01   2.60975733e-02   2.27999002e-01
   -6.72362745e-01  -3.40948850e-01   6.26247823e-01   3.21453102e-02
   -2.92399287e-01   1.43397316e-01]]
### size: 10 ###
[-0.33767015  0.30838034 -0.06468549 -0.00805538  0.01536516  0.26669252
 -0.09108523  0.07868309 -0.23310469  0.0654925 ]
### size: 784, 50 ###
[[ 0.05906744  0.02562186  0.06416056 ..., -0.01165037  0.03039904
   0.06360678]
 [ 0.05350029 -0.06392352  0.06052184 ...,  0.00590198 -0.03725928
  -0.04671558]
 [ 0.0345579  -0.00326316  0.00245372 ..., -0.04398442  0.00752297
  -0.00626881]
 ..., 
 [ 0.02276591 -0.01744441 -0.02314035 ..., -0.05007436  0.04731059
  -0.04805038]
 [-0.00518439 -0.04055869  0.02955949 ...,  0.04367888  0.05885307
   0.05550852]
 [-0.02480326 -0.06346847  0.00384234 ...,  0.03387558 -0.02839397
   0.02644576]]
### size: 50 ###
[-0.07787992  0.02337818  0.27847892 -0.01271346  0.12071886 -0.03138796
  0.17349604 -0.15666845  0.04899284 -0.09340712  0.00811938 -0.08694557
 -0.07173581  0.04973425  0.00708227  0.1994293   0.11594     0.2681613
  0.10883465 -0.03941073  0.2276216   0.22140431  0.20230255 -0.04825903
  0.15414017  0.06573401  0.20285317  0.0908208   0.06592591  0.05818926
 -0.16959855 -0.14376947  0.21657188  0.12209179  0.18801367  0.02403531
  0.02356568 -0.15526563  0.23682362  0.05300678  0.33457732  0.14329197
  0.08489979  0.12443297  0.04342319 -0.17843872 -0.04064612  0.02883103
 -0.34603092 -0.01301559]
### size: 50, 50 ###
[[ -1.41238302e-01   8.71467292e-02   5.53074875e-04 ...,   1.78594172e-01
   -4.28387001e-02  -2.14689568e-01]
 [ -2.01061711e-01  -1.87693954e-01  -4.07364815e-01 ...,  -9.60537419e-02
    1.63107336e-01   8.47375840e-02]
 [  5.29161453e-01   1.07872225e-01   2.91621145e-02 ...,   2.30084911e-01
    1.19020753e-01   2.06227437e-01]
 ..., 
 [ -6.76628668e-03   2.87799351e-02   3.91812414e-01 ...,   1.49055630e-01
   -1.33153126e-01  -1.34387374e-01]
 [ -2.05834776e-01   1.61680728e-01  -1.29230917e-01 ...,   1.51266977e-01
    7.07526878e-02   2.39058640e-02]
 [ -3.78843158e-01  -1.88942388e-01   5.68842709e-01 ...,  -2.09740385e-01
    4.23381105e-02  -1.21771164e-01]]
### size: 50 ###
[ 0.08360004 -0.01854899  0.11042792  0.07393961  0.01256683  0.07726458
  0.09320866  0.06400737  0.03050921  0.01024864  0.02074577  0.08136732
  0.02639668  0.00787959  0.06524301  0.03953432  0.01827929  0.00988084
  0.04890702  0.10741828  0.07253356  0.05150678  0.00313244 -0.0848978
 -0.05927161  0.08303371  0.04178453  0.06739873  0.14048728  0.10517231
  0.08550708  0.04930355  0.10165776 -0.01221395  0.0185337   0.07488597
  0.06312268 -0.0283275   0.05817774  0.12900373  0.01827692  0.11965101
 -0.02343944  0.00712369 -0.00707875  0.06842126 -0.04403274  0.05787032
  0.14010605  0.04160044]

model: 75-75
### size: 75, 10 ###
[[ -2.16500890e-02  -8.64141136e-02   1.46833450e-01  -1.01785861e-01
    1.81641325e-03   3.60935852e-02  -6.06683046e-02   1.83514934e-02
   -3.39853108e-01   4.07239467e-01]
 [ -2.35709205e-01  -1.65645137e-01   1.49759993e-01  -1.50190860e-01
    1.06630236e-01   5.12693048e-01   2.57876515e-01  -5.35487413e-01
    4.32922512e-01  -3.72974992e-01]
 [  5.08685736e-03   2.29009837e-01  -2.48267367e-01   2.86311746e-01
   -4.63474691e-01   6.70706987e-01   4.11946952e-01   1.33307844e-01
   -7.23526597e-01  -3.01225960e-01]
 [  5.71020365e-01  -1.10992022e-01   4.54864763e-02  -4.62717354e-01
    3.91385764e-01   6.84134811e-02  -2.16265380e-01  -1.89917628e-02
    5.36864735e-02  -3.21051121e-01]
 [ -4.89770770e-02   2.31852859e-01   8.57743435e-03  -3.61110181e-01
    4.61239785e-01  -7.86162391e-02  -1.74496070e-01  -2.96775065e-02
    2.30117887e-01  -2.39009425e-01]
 [  2.81649828e-01  -4.53109205e-01  -1.95235252e-01   5.25187910e-01
    4.16614078e-02  -3.46168816e-01  -2.27922484e-01  -1.11451335e-01
    4.62820888e-01   2.25083847e-02]
 [  2.04947647e-02   3.69867943e-02  -2.40902603e-02  -8.95166676e-03
   -6.93884585e-03  -4.08025756e-02   5.26003949e-02  -2.72467150e-03
   -2.86790077e-02   2.08391272e-03]
 [  1.36199087e-01   2.97826272e-03  -1.92777663e-02  -1.13106417e-02
   -3.45075782e-03  -3.11738513e-02  -3.88845354e-02   6.87155314e-03
   -5.73264100e-02   1.54104438e-02]
 [ -1.91588979e-02   1.79992512e-01   3.40751916e-01  -3.68259996e-01
   -1.05701506e-01  -9.31563377e-02  -9.96006280e-02   1.19218521e-01
    1.92518055e-01  -1.46640584e-01]
 [ -1.76006228e-01   6.21770203e-01   1.71482712e-01  -6.00313544e-01
   -1.13057770e-01  -2.66462304e-02   4.27552253e-01   1.53973505e-01
    5.56456819e-02  -5.14473438e-01]
 [ -7.17294335e-01   4.80809182e-01   8.38078797e-01   6.98421001e-02
   -1.33015618e-01  -2.84860414e-02   1.46460414e-01   2.43718341e-01
   -3.58156741e-01  -5.42157769e-01]
 [ -8.62262174e-02   5.72438657e-01   3.30885574e-02  -5.68282604e-02
   -1.98122129e-01  -2.29865704e-02  -3.57400477e-01   5.95858157e-01
    1.52237907e-01  -6.32239759e-01]
 [  3.84000450e-01  -4.91970003e-01  -1.17579214e-02   3.27806264e-01
   -1.36383846e-01  -2.18801405e-02   2.54936695e-01  -7.18364656e-01
   -4.70321216e-02   4.60603565e-01]
 [ -1.22891031e-02  -6.56902790e-03   7.34283030e-03   6.47038296e-02
   -2.22104751e-02  -5.41575775e-02  -4.74649202e-03   3.01085617e-02
    7.02586304e-03  -9.23133921e-03]
 [  9.54915881e-01   1.79737397e-02   1.10785030e-01  -4.85993028e-01
   -3.27377558e-01  -6.86663389e-01   4.12899673e-01   6.23182207e-02
    1.03837147e-01  -1.62925407e-01]
 [ -1.17522443e-03   6.34782761e-02  -5.59849106e-03  -6.80496683e-03
    1.22072864e-02   4.40659001e-04  -1.43259289e-02  -5.40026538e-02
   -1.81668513e-02   2.39185207e-02]
 [  1.27046481e-01  -2.14674562e-01  -2.56489217e-01   8.11938643e-02
   -5.04877687e-01   9.20422256e-01   1.28676862e-01  -6.04018509e-01
    3.33136618e-01  -1.05545139e-02]
 [ -8.36381465e-02  -2.29949933e-02   2.03880444e-01  -5.81996180e-02
    8.66091788e-01   7.26986080e-02  -2.50320494e-01  -1.17109001e-01
   -9.88158137e-02  -5.11531591e-01]
 [ -1.43972486e-01  -1.60373017e-01   3.81487340e-01  -5.92912674e-01
   -1.99666858e-01  -4.24731463e-01   4.00166750e-01  -1.01959556e-01
    7.28237629e-01   1.13767438e-01]
 [  1.08499563e+00  -1.83047175e-01   5.80481052e-01  -8.03478286e-02
   -9.99899209e-02  -1.06171560e+00   1.84785977e-01  -5.16792893e-01
   -1.00602560e-01   1.92431375e-01]
 [ -8.40720386e-05   3.87527212e-03  -1.54211957e-04  -3.17635946e-04
   -7.36972142e-05  -2.36847802e-04  -1.08183558e-04  -1.23338867e-03
   -7.81547453e-04  -8.83401895e-04]
 [  4.17509526e-02   4.83848527e-03   2.06000172e-02  -1.77172311e-02
   -4.26647672e-03  -2.35364251e-02  -5.10515179e-03   4.49018553e-02
   -4.87806164e-02  -1.26887299e-02]
 [ -1.24583259e-01   1.30895853e-01  -5.34360886e-01   8.22766498e-02
    1.93794027e-01   1.88347235e-01  -2.47652113e-01  -2.55926967e-01
    5.03861487e-01   6.33318648e-02]
 [ -4.89860266e-01  -1.19347751e-01  -2.52629668e-01  -6.84743106e-01
    6.29904211e-01   4.16953504e-01  -2.15765521e-01  -6.14047468e-01
    9.55896378e-01   3.73501092e-01]
 [ -3.20487857e-01   4.73137677e-01  -4.21357363e-01  -2.15586990e-01
   -5.34928739e-01   5.53983569e-01  -5.98989725e-02   5.57315290e-01
   -1.11892402e-01   7.96951130e-02]
 [  5.03100939e-02   1.54735669e-02  -2.68271305e-02   1.93679985e-02
    7.40706921e-02   2.58778743e-02  -7.07210824e-02   3.49296071e-02
   -1.95178598e-01   7.26674870e-02]
 [ -1.19626723e-01  -6.58480525e-02   5.70371509e-01   2.94279963e-01
   -7.64430344e-01  -6.80480957e-01  -4.67451096e-01   8.13521147e-02
    4.39664453e-01   7.12034881e-01]
 [  3.07910383e-01   7.37282112e-02   1.23740606e-01   3.67149323e-01
   -1.05007172e-01  -1.35385558e-01  -2.83521742e-01   9.47373286e-02
   -4.69924212e-01   2.64738575e-02]
 [ -9.94387418e-02   6.13088727e-01  -5.06311893e-01   5.99635482e-01
   -4.25088316e-01  -1.41171962e-01  -2.66993344e-01   7.32013071e-03
   -4.09705788e-01   6.28568828e-01]
 [ -4.20291364e-01  -4.28060085e-01   8.37949216e-02   1.38570642e+00
   -6.71727896e-01  -2.61940304e-02  -8.06366563e-01  -3.82080078e-01
    4.45482343e-01   8.19567859e-01]
 [ -8.31950486e-01   5.82971454e-01  -4.01488483e-01  -1.21536411e-01
    6.16965711e-01   3.57235968e-01   2.03660280e-01  -8.36278081e-01
   -1.11000493e-01   5.41307926e-01]
 [  8.76128003e-02  -1.65924147e-01   5.87457657e-01  -3.80858600e-01
    5.54490328e-01  -3.76408458e-01   3.68833728e-02  -1.33262351e-01
    3.93380105e-01  -6.03372633e-01]
 [  5.76177910e-02   1.17892243e-01  -3.35790887e-02  -2.37900630e-01
    5.12136638e-01  -2.61817127e-02  -1.39010683e-01   1.03868388e-01
   -2.92579621e-01  -6.21593334e-02]
 [ -2.28786245e-01   6.80736840e-01  -4.47662883e-02   7.00588897e-02
    4.05383050e-01  -3.41479480e-01  -3.25317502e-01   1.81120366e-01
    3.98934931e-01  -7.95994997e-01]
 [  2.59622782e-01   8.68694261e-02  -4.55529578e-02  -4.25987780e-01
   -5.34303039e-02  -9.11739022e-02  -9.86448750e-02   8.82000253e-02
    5.87696970e-01  -3.07530671e-01]
 [ -1.12778964e-02  -9.17499186e-04   5.61093260e-03  -8.30558501e-03
    2.34256429e-03  -8.36561713e-03  -1.35063112e-03   3.40098999e-02
   -2.42035789e-03  -9.33721103e-03]
 [ -4.55485135e-01   2.92235702e-01  -7.67278910e-01   1.96497783e-01
    6.41940236e-01  -1.54238701e-01   2.72623360e-01  -1.65780887e-01
   -6.35527521e-02   2.03057468e-01]
 [  8.82361680e-02  -6.58758521e-01  -2.35771060e-01   1.13008870e-02
   -2.01304168e-01   2.62378126e-01   2.68942773e-01  -5.27903855e-01
    7.42248118e-01   2.50497967e-01]
 [ -1.72614768e-01  -6.50843740e-01  -3.66702825e-01   3.45090151e-01
    1.40356468e-02   7.74040639e-01  -8.38489234e-01   9.94754016e-01
    7.83393681e-02  -1.77740842e-01]
 [  9.60771868e-05   2.81111745e-04   2.52083206e-04  -1.43251964e-04
    6.50652160e-04   2.07821213e-05  -5.50697208e-04  -1.19500794e-04
   -2.16189292e-04  -2.71013763e-04]
 [ -6.56222031e-02   2.23989356e-02   2.01437950e-01  -9.15958434e-02
   -4.60838191e-02   3.24387960e-02   1.40860200e-01   1.07429348e-01
   -3.15236658e-01   1.39582753e-02]
 [  1.81735773e-03   1.76664889e-02  -4.87261564e-02   1.77084990e-02
   -2.61056274e-02   2.90521067e-02   6.33600280e-02  -1.27819665e-02
   -3.23031470e-02  -9.69536975e-03]
 [ -1.44785583e-01   3.17178816e-01  -2.36648604e-01   7.82409608e-01
    4.04994423e-03  -3.71355295e-01  -8.56674388e-02   4.60681200e-01
   -2.59655993e-02  -6.99934304e-01]
 [ -8.72231126e-02  -1.43791199e-01   4.31839004e-02  -7.38311857e-02
    9.17783678e-01  -1.93802211e-02  -1.91354901e-01   4.45750393e-02
   -2.76162982e-01  -2.13778093e-01]
 [  1.99561208e-01  -2.27255031e-01   7.30916679e-01   7.65567183e-01
   -3.21365930e-02  -4.45246518e-01  -2.82324165e-01   2.63927311e-01
   -5.55202961e-01  -4.17901516e-01]
 [ -3.17773931e-02  -2.32174876e-03  -2.79678125e-02   1.40900221e-02
   -1.36566628e-02   1.20516755e-02   5.62700890e-02   1.60461850e-03
   -1.90571428e-03  -6.38581347e-03]
 [ -5.33939786e-02  -4.23960667e-03  -3.29025567e-01   2.50982237e-03
   -4.30253148e-02   1.29204676e-01   1.37836039e-01   1.07751884e-01
   -2.28789225e-01   2.81163156e-01]
 [ -1.53204231e-02  -1.04961265e-02   2.39707418e-02  -2.65223999e-02
    3.15453298e-02  -4.60857153e-03   6.76552579e-02   7.02073202e-02
   -4.47684899e-02  -9.16773155e-02]
 [ -2.09789705e-02   9.25134122e-02  -2.62356192e-01  -4.92071152e-01
    2.90854514e-01  -4.97813553e-01  -4.14378136e-01   7.86365509e-01
   -1.32446095e-01   6.50304258e-01]
 [  1.70834642e-02  -2.88708862e-02   1.26266539e-01  -1.01318821e-01
    6.21188164e-01  -1.40165776e-01  -2.08751231e-01  -9.26003605e-03
   -1.40887722e-01  -1.35277644e-01]
 [  1.03122042e-02   1.04424782e-01  -5.79128206e-01  -4.15905505e-01
    6.61344290e-01  -7.14154184e-01   5.56858294e-02   1.62278876e-01
    5.51986337e-01   1.63015261e-01]
 [  1.02187075e-01   5.12344539e-02   2.12184433e-02  -5.40343262e-02
   -3.85945551e-02  -5.42506240e-02  -3.84599506e-03  -6.31198436e-02
   -5.89560950e-03   4.50940467e-02]
 [  1.13850078e-02  -3.99370352e-03  -8.09586083e-04  -6.68373983e-03
   -7.94688764e-04  -9.27927624e-03   1.60334483e-02   5.14579425e-03
   -6.41611405e-03  -4.59077442e-03]
 [  2.54573263e-02   4.49750245e-01  -6.44780174e-02  -2.01186016e-01
    3.97216409e-01   7.30286762e-02  -1.78617358e-01  -2.10607395e-01
   -3.33063781e-01   4.25311066e-02]
 [ -6.97377622e-02  -3.29600185e-01   6.58743382e-02  -3.52288991e-01
    1.59198031e-01   1.44397438e-01   3.98885727e-01  -4.94891852e-01
    2.39689693e-01   2.38444209e-01]
 [ -3.68161015e-02   4.31343019e-01  -2.53868818e-01  -2.89330959e-01
   -1.14019010e-02   5.86364031e-01   1.48338959e-01  -4.65417176e-01
   -2.27152631e-01   1.17887780e-01]
 [  3.74463052e-02  -2.93280333e-02  -1.74281031e-01  -6.56565651e-02
   -1.28810540e-01   2.31847525e-01   3.47290576e-01   4.72947322e-02
   -1.87144980e-01  -7.86576867e-02]
 [  3.89138237e-02   2.87107617e-01  -6.50847107e-02  -2.18282178e-01
    1.42869204e-01  -2.50414014e-01   5.63717961e-01   3.76883239e-01
   -1.11602676e+00   2.40286276e-01]
 [  1.62123784e-01   1.70756474e-01  -1.99991196e-01   2.32580394e-01
    4.77547526e-01  -2.48578191e-01  -2.23965764e-01   7.51240492e-01
   -4.28547293e-01  -6.93205714e-01]
 [  3.73299152e-01   1.73164994e-01  -1.05713278e-01  -7.24022537e-02
    2.76987553e-01  -1.89358756e-01   2.70550069e-03  -3.83560658e-02
   -5.09830058e-01   8.95502791e-02]
 [ -1.36805236e-01  -3.79812837e-01  -1.96945518e-01  -4.40147072e-01
    9.42117870e-02   9.84949842e-02   7.21003890e-01  -6.72108710e-01
    3.83110046e-01   5.28952301e-01]
 [ -9.33392644e-02  -4.90267873e-01   1.13896303e-01   5.29751897e-01
   -6.18963718e-01   1.04006648e+00   3.33633155e-01  -4.53182399e-01
    2.05679744e-01  -5.67137539e-01]
 [ -2.72178892e-02  -4.58249629e-01  -1.10695198e-01  -3.24708462e-01
    2.71501690e-01   3.90412301e-01  -5.70503294e-01   6.00861013e-01
   -1.50175840e-01   3.78606617e-01]
 [  2.12243438e-01  -6.57272637e-01   5.09449169e-02   4.41603571e-01
   -2.18564525e-01  -3.92394483e-01  -5.09522915e-01   3.97027791e-01
   -4.42943633e-01   1.11872971e+00]
 [  4.99921888e-01  -2.00320899e-01  -1.22655347e-01   7.40459636e-02
   -2.60901511e-01   1.57571048e-01   6.33868098e-01  -2.19551176e-01
   -1.38037339e-01  -4.23852563e-01]
 [  3.33346039e-01   8.84796828e-02  -3.10048401e-01  -1.27606720e-01
   -2.65439004e-01   5.92231810e-01  -3.74356508e-01   5.35991728e-01
   -1.02813043e-01  -3.69837970e-01]
 [ -1.98850513e-01  -2.33127512e-02   2.95100757e-03   2.15121195e-01
    5.17243683e-01  -1.87859073e-01   4.97022718e-01  -1.82275012e-01
   -8.86562392e-02  -5.51170588e-01]
 [  3.72929350e-02   1.56980857e-01   2.16882780e-01  -8.45146328e-02
    1.98690057e-01   1.10716082e-01  -1.03552721e-01  -1.61224082e-01
   -3.04433316e-01  -6.68587089e-02]
 [ -3.08508445e-02   4.91881430e-01   1.19092214e+00  -4.64137226e-01
   -4.25361127e-01  -1.95220754e-01  -5.31787379e-03   5.03103137e-01
   -2.81329960e-01  -7.83655226e-01]
 [ -3.67776948e-07   3.32973468e-05  -2.65494036e-05  -4.70236364e-06
   -2.29680694e-07  -1.86805719e-05   1.80705647e-05  -1.86581175e-07
   -5.42316059e-07  -1.12937123e-07]
 [ -1.04524218e-01   3.63951474e-01   3.99201810e-01   9.01882172e-01
   -5.02617538e-01  -8.51482898e-02  -3.33379030e-01  -2.86780477e-01
   -1.38944566e-01  -2.13690624e-01]
 [  4.03778583e-01  -4.24333178e-02  -3.69887352e-01  -4.50892150e-01
   -7.37355137e-03   5.49011409e-01   2.87012041e-01   1.71555847e-01
   -6.64775729e-01   1.24060445e-01]
 [ -8.26053098e-02   1.49755552e-01   2.21587166e-01  -2.93564722e-02
    3.49682719e-02  -6.13309667e-02  -1.76366434e-01   2.26166174e-01
    1.29299521e-01  -4.12167907e-01]
 [  2.36808792e-01  -2.33305413e-02   4.50137436e-01  -3.89488846e-01
   -3.12288761e-01  -3.82907510e-01   5.09048462e-01   4.00014400e-01
    7.93464631e-02  -5.67329586e-01]
 [ -9.20763910e-02  -5.58751404e-01   1.13771451e+00   1.99232683e-01
   -3.19882572e-01  -4.99041200e-01  -1.10290751e-01  -1.84906110e-01
    6.51843846e-01  -2.23961607e-01]]
### size: 10 ###
[-0.15831155  0.42628503 -0.04249142 -0.1833564  -0.10515446  0.23728251
 -0.00987205  0.07666934 -0.26245466  0.02141791]
### size: 784, 75 ###
[[ 0.00930285  0.00403375  0.01011006 ...,  0.00786285 -0.00434809
   0.00322692]
 [ 0.00954982  0.00600388 -0.00648238 ..., -0.00692787  0.00118473
  -0.00098755]
 [ 0.00503608  0.00686102 -0.00919157 ..., -0.00948108 -0.00035183
   0.00427735]
 ..., 
 [-0.00468109  0.00407658 -0.00129497 ..., -0.00856119 -0.00215208
  -0.00045012]
 [-0.0099933  -0.0003089  -0.00349268 ...,  0.00683793 -0.00569313
   0.00868314]
 [ 0.00405036  0.00065184 -0.00158195 ..., -0.00628965  0.00779491
   0.00600076]]
### size: 75 ###
[ 0.02998186 -0.04662357 -0.02235134 -0.13483408  0.18056518  0.24770424
  0.2193839   0.42643413  0.21960634  0.31886479 -0.05228447  0.06107008
  0.01933883  0.00210056  0.26532543  0.23631459  0.24230844 -0.09264293
  0.25602129 -0.20692445  0.05802837 -0.16036038  0.05058327 -0.36287194
 -0.02140578  0.13334976  0.07679422  0.20558521 -0.16682693  0.06347644
  0.06607053  0.09655723  0.13090694 -0.03758368  0.01239333 -0.04680051
 -0.03281124  0.08879104  0.12974817  0.14998487 -0.09022961  0.13370387
 -0.20666675 -0.02704271 -0.16980824  0.13352899 -0.03317041 -0.2783691
 -0.10882866  0.05796153  0.06642862  0.30868942  0.00956705 -0.11476398
  0.03080486  0.14213514  0.14951308  0.27687824  0.10501049  0.11054254
  0.09330779 -0.20397474 -0.06774966  0.19074905 -0.4120017   0.14631242
  0.43271136  0.15195207  0.33519131  0.0803953   0.17649721  0.02738369
  0.10954839  0.02754364 -0.08565585]
### size: 75, 75 ###
[[ 0.01598538  0.001092    0.04178289 ..., -0.04650813 -0.01432547
  -0.09363999]
 [-0.01638809 -0.10205442  0.2153521  ...,  0.04545622  0.00561678
  -0.07643969]
 [-0.02703174  0.23202525  0.00159434 ...,  0.19192298  0.22929575
   0.41629395]
 ..., 
 [ 0.1141279   0.02307936  0.25722218 ..., -0.13858883  0.15171354
  -0.01540291]
 [-0.02132085 -0.16045451  0.03099186 ..., -0.03285451  0.09663279
   0.07369998]
 [-0.03596795 -0.04584339 -0.20280744 ...,  0.08639102  0.31282398
   0.26672655]]
### size: 75 ###
[  1.82053924e-01   8.66846517e-02   1.19397894e-01   1.40002802e-01
   3.11252903e-02   1.40194530e-02   2.20269226e-02   2.32495368e-02
   8.47666189e-02   2.02921256e-01   9.36429724e-02   8.34029093e-02
   7.78653994e-02   1.52274165e-02   1.03136197e-01   2.32297629e-02
   1.43923610e-01   3.15759778e-02   8.88358578e-02   1.05527073e-01
   1.26307842e-03   1.65718030e-02   6.93829358e-02   1.66174531e-01
   2.43497163e-01   1.61938816e-02   1.91580594e-01   2.33236831e-02
   1.87001780e-01   1.36155248e-01   2.42495507e-01  -3.39279580e-03
  -1.37962773e-02   7.96510205e-02   1.95616513e-01   1.40011422e-02
   6.47559091e-02   9.32860598e-02   1.17703632e-01   1.36202900e-04
   1.23107858e-01   2.06561014e-02  -2.21661832e-02   4.56249304e-02
   7.09771961e-02   6.70251017e-03   7.73921162e-02   2.20922567e-02
   1.52745813e-01   1.10828914e-02  -3.56995966e-03   2.48693153e-02
   4.43031592e-03   1.10318296e-01   1.46557674e-01   1.54836237e-01
   2.82129124e-02   2.75658876e-01  -6.39646649e-02   1.36458175e-02
   1.25064626e-01   1.09902225e-01   1.71139330e-01   1.84131563e-01
   9.76050720e-02   1.12299822e-01  -2.20547859e-02   4.64190617e-02
   1.46568581e-01   2.54730071e-06   1.43402115e-01   1.71687678e-01
   3.18928361e-02   6.97523057e-02   1.36748590e-02]

model: 100-100
### size: 100, 10 ###
[[ -2.94888288e-01  -1.11100905e-01  -2.40374088e-01   2.43064135e-01
   -8.70287977e-03   9.02823359e-02   3.20310183e-02   7.68457502e-02
    3.26599836e-01  -1.13731943e-01]
 [ -1.25337809e-01   4.92690742e-01  -2.24821493e-01  -3.96151036e-01
   -1.90048769e-01   4.19169098e-01   8.84050429e-01  -2.33784076e-02
   -9.88701880e-02  -7.37307608e-01]
 [ -6.68046437e-03   9.32822097e-03   7.32669514e-03  -1.08711878e-02
   -6.75777919e-05  -3.36523936e-03   3.61501880e-04   1.92341930e-03
   -6.00851898e-04   2.66134297e-03]
 [ -5.52814424e-01   1.98127568e-01   2.89851099e-01   1.22580755e+00
   -2.35317051e-01   1.33882627e-01  -5.27725041e-01  -4.59034443e-01
    9.42809582e-02  -1.66847333e-01]
 [ -4.66605499e-02   1.51950419e-01  -1.48200482e-01  -2.79439300e-01
    6.85227156e-01  -7.65343681e-02  -2.05954403e-01   8.16042125e-02
    1.56982794e-01  -3.18933845e-01]
 [ -5.21348193e-02   7.96003863e-02  -1.53052419e-01  -6.00954778e-02
    2.34817028e-01  -2.26944447e-01   4.37380880e-01   5.49464040e-02
   -1.37819843e-02  -3.00728917e-01]
 [  5.87608635e-01   1.12034194e-01   6.33733332e-01  -2.48072565e-01
    3.12951893e-01  -4.79528874e-01   1.76862136e-01   3.12041002e-03
   -5.71988463e-01  -5.26747048e-01]
 [ -2.39161298e-01  -1.16500713e-01  -2.52404541e-01  -1.68971330e-01
    4.05272305e-01   4.76878919e-02   2.98089921e-01  -8.59627649e-02
   -2.12813437e-01   3.24757159e-01]
 [ -1.29602492e-01   7.88139272e-03   7.50092566e-01  -1.28001034e-01
    4.69498932e-01   2.16656812e-02   1.20683596e-01  -4.03569400e-01
   -6.22926474e-01  -8.57711583e-02]
 [ -1.76774993e-04  -3.63076862e-04   1.46841118e-03  -3.16118851e-04
   -1.84421762e-04  -1.82346441e-04  -4.31729422e-04   4.98836045e-04
   -1.16320429e-04  -1.97443660e-04]
 [ -1.45739570e-01  -1.01126783e-01  -3.17454189e-01  -2.98491389e-01
    3.40631217e-01   8.33877325e-02   3.00856322e-01  -6.43241778e-02
    2.16023877e-01  -1.37451021e-02]
 [  5.15289605e-04  -2.76168399e-02  -1.07425712e-02   2.02159863e-03
   -5.20148454e-03   1.39116924e-02  -1.08496547e-02  -3.96566757e-04
    1.42704612e-02   2.40919534e-02]
 [  7.31228590e-02   2.51044601e-01  -1.64421365e-01  -3.15669000e-01
    7.20031559e-02  -2.98558734e-02  -3.20969895e-02   6.87908173e-01
   -3.63311052e-01  -1.78735718e-01]
 [ -7.70414853e-03   2.00783864e-01  -2.19781086e-01   6.71397299e-02
    7.55029637e-03  -2.08557677e-02   3.70929204e-02   8.01585540e-02
    1.15858182e-01  -2.60253966e-01]
 [  3.44092548e-02  -5.22870943e-02  -6.65014148e-01   2.58608907e-01
    2.36243665e-01   6.59633726e-02   3.81119728e-01  -2.94127822e-01
   -2.12510064e-01   2.47576758e-01]
 [  4.58695441e-02   1.72797501e-01  -3.21600556e-01  -1.12832740e-01
   -4.33363557e-01   5.55031419e-01   1.02782466e-01  -3.28080207e-01
   -2.40822941e-01   5.60206473e-01]
 [ -6.51027143e-01   6.55222386e-02   2.47940913e-01   9.21962559e-02
   -1.28371596e-01  -1.11393310e-01   1.75462633e-01  -1.08617909e-01
    8.59513283e-02   3.32351118e-01]
 [  2.55657226e-01  -2.72288620e-01  -2.85206854e-01   5.32202184e-01
    3.09051692e-01  -4.35449064e-01  -5.51112950e-01   4.03176159e-01
   -3.98053169e-01   4.41991866e-01]
 [ -2.31222972e-01   5.22322536e-01  -4.20135818e-03   3.94683987e-01
    2.28995934e-01  -3.20536703e-01  -9.23522562e-02   1.05655417e-01
   -3.77998590e-01  -2.25336805e-01]
 [  2.89973021e-01   3.53353471e-01   4.02705044e-01  -1.20823190e-01
   -3.06582808e-01   3.66599150e-02   1.34565786e-01   3.80872160e-01
   -3.53540391e-01  -8.17177474e-01]
 [ -5.24338707e-02   2.66838372e-01  -1.75181199e-02  -2.88359761e-01
   -2.65137583e-01   3.68125916e-01   1.29004821e-01  -1.77225575e-01
   -1.18511952e-01   1.55234724e-01]
 [ -3.75552736e-02  -8.22614729e-02  -7.15505034e-02   7.23046005e-01
   -2.06081122e-01  -2.06699952e-01  -4.52550083e-01   2.30570272e-01
    2.06735462e-01  -1.03649117e-01]
 [  5.94202336e-03  -1.33436974e-04   8.20498273e-04  -1.98920839e-04
    4.94894164e-04  -5.79336425e-03   2.54361262e-03  -1.18700077e-03
   -2.20102794e-03  -2.95036822e-04]
 [ -8.72543231e-02  -4.00564596e-02   1.45154342e-01  -1.39091417e-01
    3.90218556e-01   4.71683685e-03  -1.62062332e-01  -1.68525167e-02
    9.27718878e-02  -1.87505081e-01]
 [ -1.93995181e-02  -3.62218561e-04   1.41129345e-02  -2.15468779e-02
   -2.78128451e-03   1.26680909e-02   8.46642070e-03  -7.57248420e-03
   -1.35669457e-02   2.99806893e-02]
 [  5.28631508e-02  -3.03653274e-02  -4.96244073e-01   6.83657348e-01
   -6.52366281e-02   6.14997186e-02   6.76146196e-03  -6.94200620e-02
    9.78173837e-02  -2.41343036e-01]
 [ -3.68883759e-01  -2.62795873e-02  -9.90638360e-02  -2.21434683e-01
    5.24015427e-01   1.57838240e-01  -1.84988081e-01  -5.12067340e-02
    4.41392928e-01  -1.71384230e-01]
 [ -3.38533223e-01  -3.90012681e-01   3.77585292e-01  -3.99493158e-01
    1.36368886e-01  -1.71012551e-01   1.71560988e-01   4.84976977e-01
    2.55312741e-01  -1.26755849e-01]
 [ -2.07283556e-01  -1.10826701e-01  -4.12767306e-02  -4.65182483e-01
    4.04261321e-01  -2.38234773e-01  -1.60155654e-01  -2.77485251e-01
    3.83996993e-01   7.12177873e-01]
 [ -8.17109656e-04   2.72208881e-02   6.65091397e-03  -2.09046640e-02
   -6.51167333e-03   5.13241393e-03  -8.51528905e-03  -1.44813312e-02
    1.72382966e-02  -5.01657650e-03]
 [  2.95426607e-01  -8.25420544e-02  -3.76935720e-01   3.29021305e-01
   -8.61486048e-02  -2.64360607e-02   3.58949214e-01  -3.96362007e-01
   -2.36420473e-03  -1.26152271e-02]
 [ -1.05464074e-03  -1.49255781e-03  -1.94917712e-03   1.63960224e-03
    3.63502349e-03   2.51259934e-03  -1.12149923e-03   8.30543984e-04
   -8.68572155e-04  -2.13310006e-03]
 [  8.49531069e-02  -1.98394343e-01   1.69276744e-01   3.98522615e-01
   -1.67132460e-03  -5.73979504e-02  -3.30373436e-01   1.12882957e-01
   -3.60163413e-02  -1.41833618e-01]
 [  3.53564799e-01   1.65641099e-01  -4.14433777e-01  -6.44260466e-01
    2.24433184e-01  -3.16013992e-01  -2.48849437e-01   3.29374313e-01
    2.26959243e-01   3.23568135e-01]
 [  1.65453449e-01  -1.57934532e-01  -2.54313983e-02  -3.07503611e-01
    9.87125635e-02  -3.18707488e-02   9.29825068e-01  -5.34236729e-01
    1.49644151e-01  -2.86684871e-01]
 [ -2.15314403e-02   7.47186467e-02   2.73637450e-03  -1.82541981e-02
   -2.09993683e-03  -1.66733167e-03  -2.59494130e-02   1.48586091e-02
   -2.41192486e-02   1.31422596e-03]
 [ -1.90767109e-01  -2.82671511e-01  -7.89656878e-01  -3.81034225e-01
    6.94017172e-01   6.52222112e-02   8.98477212e-02   3.94108921e-01
    3.65986377e-01   3.49398851e-02]
 [ -2.23112687e-01   1.23680636e-01   4.76331450e-02   4.87464011e-01
   -4.63691831e-01  -4.27119493e-01  -5.43374300e-01  -7.17506632e-02
    4.66276377e-01   6.03868067e-01]
 [ -1.77272692e-01   1.39177769e-01  -3.24083567e-01  -2.52971739e-01
   -1.34027496e-01   8.74541342e-01   3.33812445e-01  -4.71255817e-02
   -4.05729532e-01  -6.36337372e-03]
 [ -2.21813098e-01  -4.11033094e-01  -2.50654370e-01   1.64654449e-01
    2.43163869e-01   9.21775177e-02  -2.50046015e-01  -5.94985299e-02
    6.18837237e-01   7.42331967e-02]
 [  5.54194897e-02   2.45154634e-01  -5.17069213e-02  -1.04372669e-02
    9.96044464e-03   6.61373660e-02  -3.91760394e-02  -7.42964000e-02
   -1.12436257e-01  -8.86227116e-02]
 [  3.23403701e-02  -2.97248423e-01  -1.33101389e-01  -3.78706038e-01
    3.72892886e-01  -3.38665992e-01  -7.09305098e-03   5.12731671e-01
   -2.84012556e-01   5.20857692e-01]
 [  2.21413169e-02   4.85056907e-01   7.04355165e-02  -3.75460148e-01
    2.28592142e-01   4.64272499e-03  -1.27145484e-01   2.54619181e-01
   -4.32902008e-01  -1.29985735e-01]
 [  6.25384822e-02   1.18456021e-01   2.10515395e-01  -2.46441513e-01
   -9.46424808e-03  -4.59839739e-02   2.52791613e-01  -5.06526500e-04
   -3.00948560e-01  -4.09383923e-02]
 [ -2.49237940e-02  -6.16853572e-02   8.15747827e-02   7.81053156e-02
   -3.27184230e-01   2.70072460e-01  -1.67323314e-02   5.07899284e-01
   -7.66066536e-02  -4.30451214e-01]
 [ -2.63846397e-01  -4.33928221e-01  -4.17988718e-01   1.16678381e+00
   -1.29939184e-01   5.87187350e-01  -3.99919301e-01  -1.65961191e-01
    1.48357779e-01  -9.06788036e-02]
 [  5.80239534e-01  -3.80669951e-01   3.21235508e-01  -2.25288972e-01
   -3.00772816e-01  -4.04400200e-01   6.38802024e-03   3.63375843e-01
    3.24595571e-01  -2.84716070e-01]
 [ -1.14028066e-01  -3.00592482e-02  -2.40964871e-02   1.55011222e-01
    1.98671907e-01   4.36159074e-02  -9.82424691e-02  -7.32406378e-02
   -2.57228345e-01   1.99627280e-01]
 [  2.19668552e-01   5.12155555e-02   1.56582028e-01   3.03916167e-02
   -4.00926828e-01  -3.01432729e-01  -9.14994255e-02   6.22341692e-01
   -2.72710919e-01  -1.36642419e-02]
 [  6.50888026e-01  -8.55224356e-02   3.54399048e-02  -1.47134900e-01
   -8.66106674e-02  -4.41835254e-01  -7.03052282e-02   9.98634100e-02
    4.89256568e-02  -3.70963942e-03]
 [ -4.67697620e-01   5.01953304e-01  -1.11122221e-01  -5.25302067e-02
   -1.38099059e-01  -1.19970374e-01  -1.19358018e-01  -6.68421507e-01
    1.10097754e+00   7.42843747e-02]
 [  1.89781506e-02  -3.47657478e-03   3.20301484e-03  -2.59302910e-02
   -3.90069070e-03  -1.63046028e-02  -1.02994274e-02   8.31085593e-02
   -3.18063539e-03  -4.22829799e-02]
 [ -6.14122907e-03  -1.96360727e-03  -2.39005331e-02   2.23237686e-02
   -1.95600605e-03  -5.58342133e-03   1.19082732e-02   1.64390896e-02
    1.22529157e-02  -2.33807303e-02]
 [  1.41998932e-01  -3.25253010e-01   3.07434112e-01   2.11400986e-01
   -3.88355523e-01  -2.59081364e-01  -3.35510641e-01   2.17566311e-01
    1.94106400e-01   2.35684350e-01]
 [ -1.78754210e-01  -4.60643351e-01  -2.22829804e-02   2.18404867e-02
    8.20437446e-02   7.21387208e-01  -1.33731559e-01  -7.70592749e-01
    5.44779897e-01   1.95946977e-01]
 [ -4.10347134e-01   6.46926343e-01   1.81809142e-01  -2.51586467e-01
   -1.28669222e-03  -1.73105132e-02   5.24432845e-02  -1.79551378e-01
    3.41831565e-01  -3.62953424e-01]
 [ -8.15109611e-02  -8.24019834e-02   6.19812161e-02   3.39575745e-02
    9.90853366e-03   1.53351560e-01  -2.19794273e-01   2.73457170e-01
   -2.34892949e-01   8.59739631e-02]
 [ -6.56895936e-02   5.33641100e-01  -2.55889982e-01  -3.70683402e-01
    1.59550756e-01  -2.78132081e-01  -7.95650780e-02  -1.64826676e-01
    1.84312358e-01   3.37257981e-01]
 [ -3.85092869e-02   8.35913885e-03  -3.53456438e-02   9.67951119e-02
    5.30507147e-01   1.06113754e-01   4.53488588e-01   1.06643409e-01
   -3.76557410e-01  -8.51511300e-01]
 [ -1.52917532e-02   2.52185434e-01   1.31591216e-01   1.52350441e-02
   -7.52329007e-02  -4.00542110e-01  -2.40042314e-01   3.14080179e-01
   -3.69416744e-01   3.87397140e-01]
 [ -3.29197705e-01  -1.77656814e-01  -6.36090338e-02   1.91827610e-01
   -6.41584814e-01   6.85518622e-01   2.53302455e-01   7.56385803e-01
   -2.54562289e-01  -4.20399666e-01]
 [ -1.58302918e-01   2.72769541e-01  -2.22190589e-01  -1.57641321e-01
    7.49524891e-01  -5.68469465e-01   1.76352099e-01   1.60899258e-03
   -1.84055731e-01   9.03935879e-02]
 [  5.02367616e-01   1.42175043e-02   1.15096308e-01   1.36156827e-01
   -1.74909547e-01  -6.36449873e-01   1.57895654e-01  -4.54947621e-01
    4.20412928e-01  -7.98478127e-02]
 [  4.73718829e-02  -2.67289230e-03  -5.50468639e-02   5.24266548e-02
   -2.09037885e-02  -1.67606790e-02  -4.81321476e-03  -3.02616823e-02
    1.02417395e-01  -7.17602298e-02]
 [  4.36526304e-03   2.34624427e-02   2.15794370e-02  -3.45303901e-02
   -2.48705726e-02  -2.32889433e-03   1.04414290e-02   5.73448017e-02
   -1.59575269e-02  -3.95069197e-02]
 [  2.07855776e-01   1.13516696e-01  -5.04137456e-01   4.83220309e-01
   -1.67657748e-01   7.58485019e-01  -2.60959417e-01  -3.45575750e-01
   -5.69437027e-01   2.84582168e-01]
 [  2.61109710e-01  -2.92489588e-01   7.41971910e-01   1.05745554e-01
   -6.53579056e-01  -5.78285038e-01   4.50467616e-02   1.14736497e-01
    4.72474664e-01  -2.16764495e-01]
 [  9.32706892e-03   4.10857946e-01  -3.08954149e-01  -1.11236103e-01
    1.40718535e-01  -2.05202207e-01  -2.02869579e-01  -1.58003509e-01
   -4.30711694e-02   4.68461931e-01]
 [ -9.42735001e-03   2.18830109e-02  -3.27098891e-02  -6.54931040e-03
    6.58992231e-02  -3.41020674e-02   3.76413167e-02  -1.02890600e-02
   -3.66440602e-02   4.30906937e-03]
 [  1.05033711e-01   7.51557434e-03  -7.15817064e-02  -1.77606061e-01
   -4.14066911e-02   5.43781333e-02  -6.49580806e-02   2.09119618e-01
    1.47036612e-02  -3.52073237e-02]
 [ -2.54084468e-01   3.39132935e-01   8.17384601e-01   3.35073650e-01
   -7.27472603e-02  -4.61749248e-02  -3.08981180e-01   3.54581714e-01
   -7.40483642e-01  -4.23696876e-01]
 [  2.67326504e-01   1.21709697e-01  -5.89290746e-02  -2.07017973e-01
   -8.18378180e-02   4.37149316e-01   1.54343784e-01  -1.13330640e-01
   -5.43869555e-01   2.44055782e-02]
 [  4.73422617e-01  -1.55747356e-02   2.16116160e-01  -2.10279778e-01
    2.60229260e-01   5.07543003e-03  -9.36745200e-03   3.26695181e-02
   -2.44751260e-01  -5.07587016e-01]
 [  3.50120813e-01  -5.69846272e-01   5.47947735e-02  -2.91763574e-01
   -3.78010511e-01   6.05805933e-01  -3.41069102e-01  -6.34047315e-02
   -1.60117462e-01   7.93497384e-01]
 [  8.28718990e-02  -1.96794886e-02   2.28781104e-01   7.22116157e-02
    8.93361121e-02  -1.70561671e-01   5.69616957e-03  -7.11722746e-02
   -6.99468628e-02  -1.47541299e-01]
 [ -1.59199163e-01  -1.08181229e-02   9.23051126e-03  -2.06983034e-02
    1.09508716e-01   5.56037128e-02  -5.70729636e-02   4.42808233e-02
   -1.84822064e-02   4.76584882e-02]
 [ -1.03402650e-02  -2.90566474e-01  -3.85978550e-01   3.17816198e-01
   -1.96765274e-01   2.90117145e-01  -2.93554485e-01   6.00387692e-01
    1.47595674e-01  -1.78709313e-01]
 [  3.86005819e-01  -7.37613216e-02   2.36754224e-01   1.62736401e-01
   -4.23008561e-01  -7.08933026e-02   3.38130146e-01  -2.16308817e-01
   -3.48173916e-01   8.50203168e-03]
 [ -1.16604246e-01  -4.10725325e-02   2.09069595e-01   1.07425317e-01
    4.04818244e-02   1.92747727e-01  -3.59400511e-01  -3.71999353e-01
    5.51537752e-01  -2.12216794e-01]
 [ -3.35581228e-02  -2.56188989e-01   5.49195051e-01   7.70184621e-02
    2.08406001e-01  -2.39977643e-01  -1.07810058e-01   1.47842109e-01
    5.07750101e-02  -3.95715922e-01]
 [ -4.64870661e-01   4.48058128e-01   3.37990373e-01   7.39097074e-02
   -2.09783763e-01   6.06126964e-01  -9.05347764e-02   3.79441440e-01
   -2.93633074e-01  -7.86743104e-01]
 [  1.95571974e-01   2.89988425e-03  -1.66945234e-01  -6.77719191e-02
    6.75880536e-02  -6.56674802e-02   2.62319576e-02   6.44872859e-02
   -5.23378439e-02  -3.99768911e-03]
 [ -6.03544712e-02   5.29049575e-01   2.99194813e-01  -8.07350755e-01
    3.24615575e-02  -9.74728018e-02  -3.26604582e-02   4.22053814e-01
   -1.26269504e-01  -1.58671722e-01]
 [ -2.07114387e-02   1.22309051e-01  -1.08714104e-01  -3.13508622e-02
    4.64790408e-03   2.94794530e-01   1.65657356e-01   8.59785751e-02
   -3.34673911e-01  -1.77956775e-01]
 [  1.82521850e-01  -4.47455794e-01   8.01102817e-01  -1.66517809e-01
   -4.71812040e-01  -1.62366360e-01   3.49406034e-01  -5.08917153e-01
    4.43361670e-01  -1.93403438e-02]
 [ -2.52870560e-01   1.77066892e-01   1.42205581e-01  -4.53030378e-01
   -2.37003073e-01   1.78976849e-01   9.78691205e-02  -5.06060023e-04
    4.27724481e-01  -8.04335997e-02]
 [ -2.34808624e-02   3.94076221e-02  -3.75895470e-01   8.57043266e-02
    3.37960839e-01  -1.96834296e-01   1.66328112e-03   2.33634993e-01
    1.83184315e-02  -1.20487675e-01]
 [  1.49436353e-03   6.15357887e-04  -2.03060880e-02  -7.08668539e-03
    1.82369035e-02  -6.42196974e-04  -1.31592331e-02   5.28589115e-02
   -1.54450824e-02  -1.65854804e-02]
 [  2.22797319e-02  -8.44473206e-03   5.03490925e-01   4.54594120e-02
   -2.32856810e-01  -4.76115614e-01   9.12826229e-03   1.76365077e-01
   -1.25590146e-01   8.62947330e-02]
 [  1.27348095e-01  -3.25647704e-02  -1.06450029e-01  -4.59144898e-02
   -1.57885030e-01   1.40635997e-01   5.53705916e-02  -8.37768391e-02
   -6.51957393e-02   1.68411523e-01]
 [  1.91871971e-01  -1.87592879e-02   1.20411120e-01   6.61184609e-01
   -2.16517076e-01  -3.68996590e-01  -3.09632480e-01  -2.78889716e-01
    1.52067300e-02   2.04117134e-01]
 [  3.75194533e-04   2.89795846e-01  -7.32893407e-01  -8.52926522e-02
   -1.72978133e-01   3.68702382e-01   3.35576862e-01  -1.06781684e-01
   -1.31445741e-02   1.16614290e-01]
 [  1.75324157e-01  -2.69089103e-01   6.58646822e-01   1.25174314e-01
   -2.31144577e-01  -2.22063735e-02  -2.02706859e-01  -2.25488111e-01
   -1.93710555e-03  -6.57980517e-03]
 [ -2.42685229e-01  -1.04341358e-01  -6.78638965e-02   6.58571674e-03
    2.14300528e-01   1.12062003e-02  -2.01761592e-02  -2.97056943e-01
   -1.54540733e-01   6.54583752e-01]
 [  4.95627820e-02   1.05141148e-01  -1.03761062e-01  -6.67260066e-02
   -9.54774380e-01   2.88384289e-01  -4.19635147e-01   6.58043325e-01
   -2.31970847e-02   4.66882616e-01]
 [ -2.57081717e-01   2.54343629e-01   2.87663285e-02   2.94498533e-01
    1.44334286e-02  -9.32588950e-02  -1.51689023e-01   1.12392962e-01
    2.98270769e-02  -2.32363537e-01]
 [  1.64685592e-01   1.20429501e-01  -2.40269706e-01  -1.98921278e-01
    6.72426760e-01  -1.97115555e-01   2.07017586e-01  -2.27364510e-01
   -4.85901952e-01   1.85018584e-01]
 [  5.23655891e-01  -5.67330122e-01  -3.45763743e-01  -4.77835208e-01
   -6.59156621e-01   1.07951474e+00   1.79857686e-02  -6.07491910e-01
    2.21997127e-01   8.14457893e-01]
 [ -5.36928661e-02   2.70868778e-01  -3.27478349e-01  -8.22740495e-02
    4.44749832e-01  -5.86708002e-02  -4.87915576e-01   4.05042797e-01
   -4.06245053e-01   2.95615345e-01]
 [  1.73001587e-01   9.00886729e-02   2.20118061e-01  -4.28392887e-02
    7.29851305e-01  -7.43754730e-02  -5.83387077e-01  -5.72732687e-02
   -8.01773369e-01   3.46655071e-01]]
### size: 10 ###
[-0.22638753  0.21019141  0.00064078 -0.01145914  0.07997721  0.16932055
 -0.08449998  0.08357348 -0.11232931 -0.1090281 ]
### size: 784, 100 ###
[[ 0.04638185  0.02011308  0.05039576 ...,  0.00463439 -0.02925714
  -0.03668514]
 [ 0.02713221 -0.00256214  0.00192694 ..., -0.04106178  0.02268534
  -0.01298977]
 [-0.02153097  0.03824808 -0.0469115  ..., -0.03321109  0.03960545
  -0.03024239]
 ..., 
 [-0.01884079 -0.03559498  0.03645552 ...,  0.03407834 -0.0162419
   0.02218588]
 [ 0.00106504  0.03788501  0.00886209 ..., -0.04589181  0.0333095
  -0.00115045]
 [-0.03669807 -0.03298698  0.03163704 ...,  0.04303997  0.01138636
   0.024734  ]]
### size: 100 ###
[-0.07986762  0.09037705  0.03004522 -0.00314002 -0.14022227 -0.03962315
  0.0450497   0.01940402  0.1618766   0.07926042  0.02754951  0.11632173
  0.08072048 -0.0439941  -0.06243511  0.00929623  0.01592082 -0.19712666
  0.05894367 -0.17430896  0.0724104   0.01319187 -0.00102278 -0.01821096
 -0.20111936  0.24385332 -0.01503011 -0.01571735 -0.02109614  0.23655774
 -0.05357337 -0.02861487  0.00191346  0.02445062 -0.05243589  0.19596019
  0.03425835  0.09107796 -0.21152842 -0.08580682  0.02616037  0.10999941
  0.0339761  -0.0503932  -0.00995331 -0.02324671 -0.25832129 -0.01758282
  0.00597687 -0.19471532 -0.14108145  0.20725808  0.04054622 -0.00222354
 -0.05084452  0.00519972  0.21910371 -0.04251847  0.08258981  0.09721348
  0.0322146  -0.10486294  0.12990889 -0.11530027  0.03976262 -0.1357469
  0.05027714 -0.13433108  0.29371676 -0.02279217  0.09463777 -0.06827666
  0.02561316  0.26933065  0.0532534  -0.03653803  0.00554861  0.04493164
  0.15993702  0.0885752  -0.05077568  0.07021277  0.13878682 -0.1023733
  0.16320585  0.14984164  0.01628807  0.02372252 -0.01801241  0.12554044
 -0.03466957  0.14549141 -0.10070433  0.28671196 -0.15185179  0.12361211
  0.16002993  0.0621725   0.21938208  0.09439699]
### size: 100, 100 ###
[[-0.05827614 -0.1630922   0.02546102 ..., -0.25338188 -0.03547196
  -0.01605488]
 [-0.07324219 -0.24373652 -0.09212427 ..., -0.13209289  0.02025678
   0.17587352]
 [ 0.04565202  0.22566161  0.0674686  ..., -0.05234247 -0.07522757
  -0.12646607]
 ..., 
 [ 0.05890978 -0.01754381  0.00446837 ..., -0.02792469 -0.08727515
  -0.16683802]
 [ 0.10645857 -0.00714139 -0.08246858 ...,  0.19442758  0.13345513
   0.19854921]
 [ 0.14183383 -0.04680713 -0.07790782 ...,  0.14231038 -0.03284801
   0.09460876]]
### size: 100 ###
[  8.15595537e-02   1.04270339e-01   1.36276369e-03   2.39412077e-02
   3.79292257e-02   4.98910472e-02  -1.61495677e-03   2.18982771e-02
   1.15064837e-01   3.33007338e-05   8.46069530e-02   3.72692035e-03
  -8.95590112e-02   3.32095996e-02   3.60323861e-02  -9.08931792e-02
   4.05586734e-02  -2.66197119e-02   3.53559889e-02  -2.59227073e-03
  -1.40759628e-02   2.22938675e-02   2.24609132e-04   5.53077273e-02
   5.00299444e-04   1.42028918e-02   9.91338268e-02   7.84967691e-02
   2.13527028e-02   1.10796047e-03   1.59231611e-02   3.16925027e-04
   6.02269173e-03   3.64220850e-02   1.19880147e-01   7.94613082e-03
   9.24081206e-02   5.03755882e-02   3.80785726e-02   9.00215432e-02
   8.81226081e-03  -2.30447371e-02   3.46142775e-03   5.31398319e-02
   5.24383709e-02   5.92274107e-02   1.23646669e-02   3.65824103e-02
  -5.77867543e-03  -2.51362100e-02   1.67061672e-01   1.27665186e-02
   2.90475297e-03   1.77884556e-03   1.41969696e-01   1.28566474e-01
   3.38280946e-02   8.14170390e-02   5.00598364e-02   4.87743989e-02
   7.99150988e-02   5.55435643e-02   1.13119953e-03   2.83157416e-02
   6.93258690e-03  -3.82765639e-03  -5.99159859e-04   3.96200940e-02
   9.25467443e-03   2.84959096e-02   1.34599097e-02   2.62908135e-02
   5.25315478e-02   3.31808217e-02   1.31326914e-02  -2.84458714e-04
   1.92647278e-02  -7.03642145e-04   9.08557847e-02   2.87867300e-02
   1.77808702e-02   3.14906426e-02   5.59558123e-02   4.72373068e-02
   6.28624260e-02   8.60018581e-02   3.77517170e-03   8.30920413e-03
  -7.94057327e-04  -1.51783470e-02   2.96507683e-02   5.12842126e-02
   3.97468470e-02   4.20789532e-02  -2.50088889e-02   3.52530205e-03
   1.20892739e-02   3.71785015e-02   5.93927652e-02   3.21869068e-02]

