model: 10
### size: 784, 10 ###
0.0252021	0.0109304	0.0273895	-0.0153387	-0.00761295	0.0131404	0.027203	-0.0100637	-0.0199108	-0.00635603
-0.00983134	-0.00731929	0.0114867	0.0219222	0.00186901	-0.0138454	0.00941116	0.00338204	0.00233151	0.0215565
0.018777	-0.0106296	0.00718656	0.00987204	0.0257753	0.0215628	0.0242373	0.00779243	0.0062815	-0.0149191
-0.000765225	0.0168296	0.018855	0.0019002	0.0141256	-1.77012e-05	0.0191928	0.00655794	0.0198072	-0.0147016
-0.00535854	0.00681523	-0.0195554	-0.0206616	-0.00455692	0.00311724	0.0241831	-0.00497078	0.0129727	0.0271461
0.02283	-0.0272868	0.0258253	0.0213188	0.0109291	-0.0220503	0.00402158	0.0175345	0.00333611	-0.00817612
0.00238299	0.0207934	-0.0211441	-0.025672	0.024813	-0.0115739	-0.00318027	-0.0132027	0.0053091	0.00850542
-0.0122891	0.0196096	0.0213008	-0.0117762	0.00874202	0.0258689	0.0162628	-0.0175619	0.015597	0.0257587
-0.00751611	-0.0225821	-0.00855517	0.00389605	-0.0183265	0.00721061	-0.0238072	0.022624	-0.0225381	-0.0164717
-0.00153666	-0.00323294	0.0145485	-0.0266959	0.00989549	-0.0122943	0.00569737	0.00251927	-0.0159001	-0.0199345
0.0147494	-0.00139248	0.0010471	0.0243324	0.00786358	-0.00338317	-0.00198401	-0.0137619	-0.0133267	-0.0261363
0.0236951	-0.00590341	0.00812302	-0.00784908	-0.0213472	-0.00281861	-0.00170285	-0.0242065	0.0173454	-0.0115414
0.00831203	-0.0189712	0.00128702	0.0102244	0.0115403	0.011474	0.00584256	-0.0065525	0.0144843	-0.0245985
0.0226679	-0.00343929	0.00695593	0.0180931	-0.017781	-0.00113164	0.00599703	0.0230162	0.0181795	0.00878487
0.0103906	-0.0116949	0.0221078	-0.0244232	-0.00421617	0.0157329	0.0234098	-0.0187651	0.00320643	-0.00262787
0.0136432	0.0185861	-0.0248995	0.000306696	0.00487036	-0.024011	-0.0260324	0.00507453	0.0131149	-0.0268616
0.0264239	-0.0248854	0.00366034	-0.0219445	-0.0081999	-0.00578195	-0.00617612	-0.00533184	0.0235544	0.0242218
-0.0175192	0.012628	0.00986895	0.0210327	0.00443083	0.0108899	-0.0136286	0.0171426	0.00344677	-0.010393
-0.00686904	0.0176324	0.0222092	0.0229155	-0.0148246	-0.0191924	0.0145	-0.00931605	0.0231141	-0.0054919
-0.0176417	-0.0220221	-0.0206144	0.0070492	-0.00133387	0.0110829	-0.0217902	-0.0223165	0.0123301	-0.00706022
-0.0117015	0.0207844	-0.0254973	-0.0263966	-0.00998669	-0.00684222	0.0272289	0.01726	0.00775292	-0.0189761
0.0127684	-0.0116472	-0.00717025	-0.0264774	0.0193399	-0.0104364	0.0034478	-0.0224122	0.0160274	-0.0257953
-0.0243367	0.0120722	-0.0256869	-0.000953334	0.0115887	-0.00106799	0.0164942	0.00267835	0.00563839	0.0142082
-0.0267607	0.0234913	0.00649375	0.0164895	-0.0267393	0.00347216	-0.0161149	-0.0125611	-0.00651403	0.0273506
0.0268532	0.0144548	-0.0234556	0.0259744	0.0266014	-0.0142366	5.57105e-05	0.0107211	-0.0128654	0.0254993
0.0218373	0.00139624	0.000412009	-0.00336218	-0.0268428	0.0192938	0.00992726	0.0249421	-0.0138928	-0.0197933
0.0097188	0.00742451	0.00622062	0.0232689	-0.0241176	0.0121504	0.0259587	-0.0238408	0.00514749	-0.0187176
0.0271023	0.0197829	-0.00739635	0.0271239	-0.00966648	-0.00436892	-0.0247517	-0.00726653	-0.0182856	-0.0186236
-0.0067815	-0.014997	-0.0113669	-0.00445849	0.0167558	-0.0267918	-0.0191962	0.0262035	-0.0251505	-0.0273849
0.0201836	-0.0215473	0.021097	0.00836443	-0.0180431	-0.0265051	-0.019491	-0.0180431	0.0215256	-0.0164362
-0.00179918	-0.0189024	-0.0169187	-0.0080453	-0.0203791	-0.00532875	0.019222	-0.012128	-0.00411476	0.0121864
0.00856294	-0.00989878	-0.0222573	-0.0255837	0.00500248	-0.0192653	-0.0125305	0.0264339	0.0179975	0.0267966
0.0270146	0.00344531	-0.0163902	-0.0040337	-0.00883746	0.0224262	-0.00499414	-0.0270015	0.00260707	-0.0209435
0.0109796	-0.0270221	0.00642971	-0.00231393	-0.0180304	0.00934829	-0.0229957	-0.00612614	-0.0122947	-0.0126196
0.0241275	0.0159916	0.0142944	-0.0218652	-0.0260536	-0.0410835	0.039981	0.00641756	0.0150529	-0.00622881
-0.00681656	0.0123081	-0.0272653	0.00882904	0.0263775	-0.102367	0.0577898	0.00426027	-0.0123037	0.0147254
0.00670073	0.0266051	0.000854172	0.00866591	0.0159474	-0.108009	0.0313507	-0.000493377	-0.0201992	-0.0123479
-0.0111598	-0.0091863	0.00908387	-0.0260941	0.0147359	-0.00624877	0.0142542	0.0116087	-0.0102778	0.0263371
-0.015226	-0.0177143	-0.0158515	0.01811	-0.00112632	-0.0189534	0.0294602	-0.00245395	0.0167609	-0.0112761
0.0295794	-0.00454466	0.0116233	0.0268149	-0.0086556	-0.03223	0.0410315	0.000452941	-0.00319311	-0.0248033
0.0991161	-0.0206342	-0.00559575	0.0145117	-0.0188322	-0.123293	0.0302523	0.0040682	-0.00562883	0.0198142
0.0170117	-0.0177506	-0.0347291	0.0128154	0.00168667	-0.0771145	0.0177541	0.00773495	-0.00562756	-0.0162586
-0.0072474	-0.0262958	-0.0453334	-0.0305116	0.0110367	0.00397614	0.0546498	-0.0212028	0.0344382	0.0205861
0.0750531	-0.00806875	-0.0419922	-0.0413047	0.0672791	-0.0187422	0.0205682	-0.0237858	-0.0444747	0.000205248
0.153701	-0.00864263	-0.0310322	-0.0596322	0.20204	-0.122938	0.0380583	0.0200857	-0.163311	-0.00729554
0.0715743	0.0198639	-0.0590735	0.0192003	0.0764891	-0.0484408	0.0329794	-0.00636225	-0.0561864	0.0202375
-0.0269191	-0.00780738	-0.00914393	0.0129829	0.0153717	-0.0104387	0.00844739	-0.00613182	-0.00547544	-0.00194027
-0.018495	0.00110371	-0.0244175	0.0140323	-0.0819209	-0.0606646	0.0391675	-0.0177205	-0.0107371	0.00739626
0.000384567	0.0185356	-0.0605607	0.011542	-0.092672	-0.0162412	0.0387975	0.0155932	0.0264718	-0.0262142
-0.0251152	-0.0268253	0.0100416	-0.0200762	-0.0145913	-0.0329756	0.00589175	0.0123313	0.00562358	-0.0124574
0.0105763	0.021751	-0.0122588	0.0261636	-0.0115852	-0.110823	0.0431017	0.0147446	0.0239487	0.0096483
0.026784	-0.0159427	-0.0182197	0.0157709	-0.020445	-0.11642	0.0521472	0.0148069	-0.0185683	0.0272702
0.0172618	-0.00757175	0.0203824	-0.0158561	0.00576534	0.00742307	0.0228447	-0.0192078	-0.00427096	0.0107234
-0.00953018	-0.0257135	0.00888483	-0.0236029	-0.015495	0.00482251	-0.0219749	0.019638	0.0149528	-0.00108502
-0.023795	0.00444351	-0.0159806	-0.00451538	0.02404	-0.0153305	-0.0262281	-0.0270623	0.00952693	0.0138943
0.00428938	-0.0101941	0.0254343	0.0218216	0.0129753	0.00929431	0.0051711	-0.00639052	0.00110454	0.0185691
-0.0211591	-0.00683613	0.00361544	-0.00773518	-0.00016413	-0.00374176	0.0012297	0.0241616	-0.00306077	0.0232867
-0.0128196	-0.0161575	-0.0046315	-0.0182412	0.0126641	-0.0113332	-0.00845291	0.0268421	-0.0023608	-0.0184488
0.0145075	0.0215475	-0.00960813	0.00626325	-0.00977628	-0.0114056	-0.00197019	0.0219881	0.0204797	-0.00918027
-0.00394125	0.00391286	0.0259084	-0.00516844	0.00684666	-0.00215889	0.0197333	0.0204308	-0.00917348	-0.00605781
0.0138916	-0.00743653	-0.0237565	-0.0125753	0.000216356	-0.00934303	-0.0152263	-0.00609537	0.0126044	0.025156
0.0124054	-0.0159341	-0.0156797	-0.00326429	-0.0102303	-0.0250325	0.0041254	-0.0244051	0.00857456	-0.0273199
0.00742303	0.0183984	-0.00493051	-0.00558657	0.0155813	-0.059301	0.030723	0.0197555	-0.0234511	0.0150542
0.0284972	0.0103167	-0.0079422	0.017932	0.00208741	-0.156373	0.104728	0.0042995	0.0248182	0.00883727
-0.000290377	0.0279009	0.0321448	0.0180189	-0.0198387	-0.139893	0.145168	-0.0144177	-0.0186846	-0.0120044
-0.00169502	0.00687871	0.0331479	0.0367246	-0.0457428	-0.11707	0.208534	0.00322763	0.000707131	-0.0448888
0.0205788	0.0552192	0.00840215	-0.00454101	-0.00538224	-0.141553	0.25724	0.00753234	0.00620987	-0.0581455
-0.0129443	-0.0264184	0.0398809	-0.00627608	0.00291336	-0.164772	0.25843	-0.0206146	-0.035515	-0.0207984
0.0569525	-0.0627989	0.0561523	-0.0335982	0.151836	-0.293494	0.183466	-0.000345447	-0.00904689	0.00163067
-0.0184844	-0.0585795	0.0157291	-0.0720454	0.081958	-0.234025	0.0973387	-0.0543653	0.144002	-0.0270544
-0.117178	-0.0334863	-0.0275727	0.0343377	0.117463	-0.180273	0.212673	-0.00364269	0.115908	-0.0630397
-0.191655	-0.0377195	0.126179	-0.0308078	-0.166966	-0.135387	0.181286	0.0770906	0.308369	-0.0715966
0.00455594	-0.00811069	0.0977884	0.0217424	0.0987996	-0.0917701	0.14512	0.173901	0.140025	0.0258222
-0.0688829	-0.0518042	-0.0814074	0.180451	0.00742151	-0.0875833	0.140154	0.0435632	0.0269441	-0.0013636
-0.0820922	-0.0611648	-0.0163605	0.171202	-0.0795593	-0.0683305	3.91402e-05	0.0995796	0.0169637	0.0360993
0.0016364	0.0298592	-0.143062	0.0760524	-0.230209	-0.133685	0.204915	0.0340263	0.0856045	-0.0555933
0.00515696	0.00673273	-0.0617455	0.0097258	-0.125159	-0.0626161	0.247211	0.0721685	0.0482551	0.0145816
0.00555807	0.0342687	-0.0414742	-0.00187387	-0.08748	-0.0199308	0.139207	0.0553942	0.0301772	-0.00688209
0.0120691	0.00703706	-0.0252307	0.0272986	-0.0604685	-0.0580585	0.0815882	0.0490585	-0.0131975	-0.00952206
0.0169538	-0.00808977	-0.0116089	0.00639486	-0.00588813	-0.077994	0.108	0.0237399	0.0171032	-0.00296761
0.0294344	-0.0262322	0.0233836	-0.0594099	-0.00491347	0.00280877	0.0529963	-0.00354498	0.0294024	0.0421013
0.0213718	-0.017854	0.00729562	-0.00700855	-0.00947085	-0.00175222	-0.00600785	-0.01617	0.0124774	0.00222982
-0.00879861	0.0167577	0.0153924	-0.000310372	-0.00065628	0.016109	0.00836405	0.0220423	0.00316286	0.00419158
-0.0270452	0.0190715	0.0260204	0.00191029	-0.0272562	0.00758891	0.0219154	0.0160899	-0.014563	-0.00989382
0.0204347	-0.0137246	-0.00753069	-0.0112935	-0.0163526	-0.00385068	0.00883526	0.0155234	-0.0215865	0.0237593
-0.0148645	0.0139859	-0.00978706	-0.0154256	-0.0239193	0.0143322	-0.0206577	0.00908678	-0.0264259	0.0136287
0.00639582	0.0223951	-0.00384926	0.0225595	0.014547	0.0131403	-0.00925032	0.0109467	-0.0136174	0.0249047
0.0495955	-0.0189697	-0.00675198	-0.00620776	-0.0173879	-0.0177024	0.00704489	0.0178937	0.00485422	0.0189006
0.0225023	0.0111543	-0.0237704	0.0280407	-0.00743102	-0.0486711	-0.00333061	0.0228449	0.0159743	0.0071429
0.0120567	-0.0860776	0.00793156	-0.0704715	0.0430599	-0.0336893	0.0144621	0.000669152	0.0212215	0.0551529
0.0127324	-0.0679492	-0.0111566	-0.0584438	0.0363455	-0.163061	0.0704038	-0.0244092	0.0448316	0.0528161
0.0621321	-0.0791582	0.0801962	-0.0834336	0.0694186	-0.360101	0.0807503	0.00458607	0.0328266	0.0545456
0.0941068	-0.0686521	0.0228182	0.0105217	0.0932891	-0.442623	0.0944868	-0.0604698	-0.0749509	0.0466455
-0.0543836	-0.030579	0.102806	0.129594	0.157548	-0.477625	0.27566	-0.141344	-0.112596	0.011492
-0.0139185	-0.0285028	-0.107194	0.155379	0.248389	-0.342875	0.110128	-0.19901	-0.122412	0.0166179
0.0649597	-0.0163279	0.00716585	0.0291994	0.236751	-0.356495	0.281483	-0.249301	-0.118683	0.134409
-0.00102943	-0.18585	0.0220341	0.0694984	0.0306295	-0.474837	-0.107689	0.0291137	-0.0505896	0.176381
0.13331	-0.0941087	-0.168985	0.0464909	0.227619	-0.798115	0.140824	0.0800512	0.114564	0.0592758
0.0123502	-0.0678075	-0.18095	0.179888	0.381572	-0.548607	0.0860062	0.127875	0.109054	-0.253163
-0.0622039	0.0854988	-0.098396	0.274322	0.206685	-0.436258	-0.0379228	-0.00211525	0.134498	-0.124333
0.0511678	-0.0813756	-0.0172246	0.168301	0.245187	-0.178394	0.160272	0.138937	0.161166	-0.0604089
0.121986	-0.188248	0.0481852	0.151106	0.0874036	0.0135837	0.160347	0.0372026	-0.0333865	-0.00735144
-0.0201869	-0.0201938	0.0468153	0.131332	0.0114638	-0.10547	0.153688	-0.0305738	-0.117609	0.183911
-0.121601	0.0348633	0.00666284	0.107041	-0.112685	-0.0449894	0.0968561	0.0588546	0.155682	-0.0735681
-0.110252	-0.129049	-0.228072	0.10998	-0.0544668	-0.137349	0.111851	0.175992	0.0625612	-0.00635704
-0.163155	-0.0546405	-0.150991	0.234677	-0.102516	0.0860661	0.151723	0.0274772	0.0450484	0.0816523
-0.0713791	0.0128865	-0.00237128	0.169474	-0.16822	-0.0635237	0.151157	-0.0170307	0.092661	-0.00277635
0.012955	0.0114934	-0.140296	0.0914972	-0.232485	-0.144167	0.109334	-0.0204852	0.156253	-0.00740956
-0.0328418	0.0524611	-0.0217894	0.00194536	-0.135453	-0.116157	0.133189	0.0317679	0.11472	0.0143995
0.013315	-0.00255644	0.0490183	0.0226578	-0.0074142	-0.0149574	-0.0348738	-0.020167	-0.0488879	0.0339902
0.00746662	-0.000557764	-0.032689	0.0174689	-0.0158999	0.00294736	0.0475094	0.0240018	-0.0342735	-0.0271023
-0.0216066	-0.00218084	0.0062215	0.0152158	-0.00803807	-0.00510381	-0.0193948	0.0163608	0.0246994	0.0266418
-0.0269254	-0.000935333	0.00762535	-0.0145742	-0.01916	-0.0183104	0.0120555	0.013886	0.00960665	-0.0103611
-0.0143808	-0.0269321	-0.00243343	0.00654957	0.00834005	0.00289568	-0.00314322	-0.00912763	-0.0203606	0.0233697
0.0199783	-0.0210405	0.0191882	-0.0116407	0.0213306	-0.00724454	0.00193811	-0.00860525	0.0208276	0.00348449
-0.0149766	-0.0305326	0.0162575	-0.0109134	0.0227631	0.0163704	0.00740808	0.00703713	0.000106404	0.00548425
0.000951382	-0.0195901	0.0142969	-0.00264493	0.0258783	-0.00901609	0.0100714	0.00905007	0.00664252	0.00871766
-0.0185028	-0.188959	0.101584	-0.262911	0.0967114	-0.0366669	0.0620068	0.0440312	0.00577705	0.206001
0.0620593	-0.152391	0.0677375	-0.173831	0.0162235	-0.256811	0.0748444	0.127177	-0.0810618	0.150448
0.176342	-0.0428193	-0.0622896	0.0118533	0.0594328	-0.135	0.0118544	0.125904	-0.216368	0.0409684
0.136368	-0.232839	-0.0585705	-0.122573	0.220585	-0.288142	0.0775064	0.137354	0.00726445	0.207834
-0.00308275	-0.0716619	0.0144454	0.000809786	0.400344	-0.489659	0.123026	-0.008762	0.00794342	0.101258
-0.000969026	-0.102961	-0.0694344	0.0386894	0.424466	-0.515349	0.175617	0.000591309	0.045744	-0.0161492
0.273777	0.125094	0.0372719	0.00527346	0.172602	-0.383946	-0.0367057	0.107186	-0.0994328	0.0252682
-0.0132417	-0.188179	0.0213652	-0.0275074	0.219986	-0.195985	0.0169754	0.166829	-0.0732148	0.149149
-0.0375064	-0.179032	0.149438	-0.149632	0.169006	-0.271582	0.0151661	0.0430738	-0.0460075	-0.0522085
-0.120997	-0.128152	0.0617469	0.138325	0.335639	-0.333764	-0.00808639	-0.129286	-0.0497568	0.0417274
0.165304	0.212061	-0.0380229	0.194525	0.279452	-0.335653	-0.104087	0.209652	0.0358664	-0.0714147
-0.0498431	-0.0846645	-0.00844806	0.23838	0.323776	-0.247427	0.0403556	-0.0181831	0.312283	-0.014873
-0.0438626	-0.0514594	-0.0929013	0.221561	0.182198	-0.0977645	-0.0542136	-0.144633	0.0522049	-0.0828416
-0.115703	0.0521425	0.122964	0.213309	0.265757	-0.145509	-0.165445	0.141835	-0.0761758	0.0616689
-0.134026	0.100171	0.01029	0.077159	-0.035445	0.00985823	0.0862527	0.0243657	0.0837364	0.024124
-0.163259	-0.0648945	-0.0256188	0.0838798	0.156631	0.100119	-0.0256606	-0.139888	0.0339326	0.0821322
-0.272096	-0.0122606	-0.243579	0.137537	0.166178	0.14523	-0.0182064	0.276167	0.0924059	-0.126039
-0.0750641	0.0223762	-0.166426	0.209679	0.0084348	0.00651774	0.0300101	0.269136	0.027976	-0.241583
-0.0482104	-0.0552511	-0.215046	0.270403	-0.367982	-0.0150197	0.0682624	-0.0747945	-0.0382529	-0.150598
-0.196945	-0.150319	-0.0534572	0.366679	-0.13896	0.217726	-0.216544	0.0587779	-0.344602	0.00512454
-0.0942315	-0.0506252	0.0401683	0.206552	-0.0226257	0.04636	-0.167148	0.0352334	-0.234703	0.11453
-0.00181139	-0.00689249	-0.0373687	0.0706284	0.0196067	0.0233545	-0.0974224	-0.00325019	-0.051762	0.0487385
-0.00835215	0.0242624	-0.0300681	0.01072	-0.0281892	-0.0277419	0.0160882	0.0102969	0.0191386	-0.0201311
0.0158432	0.00521495	0.0108552	0.00394298	-0.00680705	-0.0152768	0.0230374	0.00774459	0.00397214	-0.00490487
-0.00470491	0.0210752	-0.0194762	-0.00118481	-0.00120384	0.0197139	-0.026164	-0.0173051	0.0140962	-0.0156268
0.00240543	-0.0145711	0.0213987	0.00266715	-0.0247281	0.00780453	0.0200186	-0.00140085	0.0259084	-0.010898
0.0151685	-0.0737729	-0.0160448	-0.0282846	0.0134695	0.0150418	-0.0365917	0.0832858	0.0333935	0.0579455
0.0181413	-0.130495	0.0223087	-0.151702	0.0808024	-0.0253437	0.13728	0.0817899	0.101369	0.086541
0.0142868	-0.251971	0.177952	-0.391167	-0.125738	0.158296	-0.0912057	0.166395	0.135497	0.168124
0.101684	-0.207367	0.0888939	-0.292252	-0.0642543	0.0211011	-0.046401	0.131162	0.0467649	-0.00159022
0.0642788	-0.12289	0.017821	-0.030205	0.214199	-0.0446518	0.016524	0.158409	-0.0524467	0.114886
-0.00803026	0.0803815	0.0740884	-0.0846709	0.107345	0.0886231	0.150442	-0.086481	-0.0322887	-0.0561595
-0.0122916	-0.157257	-0.0579004	0.0998431	0.00840268	0.0852305	-0.270554	0.0503521	0.0184869	-0.0126105
-0.0451742	0.133365	0.00480828	-0.0228269	0.200918	0.0336745	0.161369	0.0757538	-0.0997029	-0.190132
0.0449129	0.0735085	-0.0343883	0.174752	0.152869	0.102104	-0.0822523	-0.0137999	-0.0842435	0.166007
0.00788165	-0.0922757	0.0337969	0.115845	0.399705	0.201407	0.214737	0.0294507	0.0809794	-0.00580163
0.395915	0.175179	0.0221298	0.106179	3.73529e-06	-0.213998	-0.171021	0.163901	0.0304056	0.0838593
-0.0506639	0.0735404	0.046105	0.208503	-0.0759131	-0.0312795	0.0707699	-0.177734	0.00992031	0.183765
0.116325	-0.305971	0.0744701	-0.0542601	0.120335	-0.123048	0.00373669	0.129032	0.0913193	0.00108731
-0.127692	-0.0264077	0.00707645	0.0317921	0.309585	-0.136653	-0.0431233	-0.0161436	-0.141333	-0.00930819
-0.0627277	0.197648	-0.195564	0.172243	0.109254	-0.147715	0.055267	-0.0222869	-0.0622816	0.0212357
-0.117848	0.197997	-0.244051	-0.0511939	0.160609	-0.18772	-0.116317	-0.0957485	-0.101419	-0.16027
-0.0322066	0.052437	-0.220089	0.028983	0.0211378	-0.235022	0.134249	0.0888754	0.0655053	0.00438841
-0.143119	0.114793	-0.026047	-0.0138731	0.162874	-0.123587	-0.109722	0.270442	-0.0420442	0.0860198
-0.0876613	0.190613	-0.00974124	0.00965102	-0.176405	-0.239412	0.01712	-0.153388	0.115789	-0.0539847
-0.165367	-0.0765885	0.116413	0.0528321	-6.68178e-05	-0.00897952	-0.162866	-0.0104389	0.160444	0.0161614
-0.227648	0.158737	0.151793	-0.00165008	-0.232669	0.0757282	0.0775809	0.0673996	0.0985234	-0.309156
-0.0174924	-0.00612243	-0.0459652	0.139431	-0.269479	0.0879263	0.0591032	0.0453798	0.013162	-0.0468834
-0.059787	-0.0382699	-0.0725183	0.18702	-0.119307	0.0112271	-0.0687842	0.0595634	-0.167779	0.143479
0.0409187	-0.0223593	-0.0523251	-0.00765632	-0.0261802	-0.0255864	0.0575183	0.0198455	0.0253266	0.0118684
0.0340493	0.00179273	-0.0291507	0.00352801	0.0220594	0.00458703	0.0714804	-0.00353558	0.0139797	-0.000967505
-0.0120599	0.00617309	-0.0193449	0.0082564	0.026011	0.00569099	-0.000966371	-0.00755574	0.0233462	-0.00213681
0.0237201	-0.0206857	0.00631552	0.0260328	-0.00616027	0.0187286	0.0255637	-0.0199741	-0.0229768	-0.0227784
-0.0240902	0.0351575	-0.0538649	0.0685962	0.064518	-0.0320237	-0.0255259	-0.00225818	-0.0374271	0.0141959
0.0579865	-0.123656	-0.0696599	-0.0507404	0.118803	0.0272931	-0.0726097	0.0909864	0.0398327	0.129958
-0.069237	-0.208039	0.101111	-0.0864822	0.128439	-0.0449306	0.0789809	0.156552	0.0696144	0.143051
-0.184004	-0.157117	0.105595	0.125069	0.196961	0.20534	-0.267603	0.0428153	-0.13352	-0.0581966
0.00234689	-0.179052	-0.00130998	-0.10522	0.447391	0.158344	-0.223289	-0.0149081	0.0762982	0.0525965
0.0548946	0.0613481	-0.0937802	0.060562	0.0615682	-0.00605584	0.0794265	-0.0621056	0.0569224	-0.0290647
0.0444932	0.193817	-0.0496337	0.0376619	0.0718351	0.246235	-0.118482	0.0869141	0.0870925	-0.0751851
-0.0299279	-0.112215	0.127727	0.00103136	0.140511	0.175513	-0.0285465	-0.0157775	-0.102022	0.238217
0.144984	0.131924	0.0772396	-0.049725	0.183937	0.212274	-0.0592511	0.0558749	-0.0159268	0.209741
0.195281	0.129414	-0.0111527	-0.159423	0.134709	0.0843518	-0.0228146	0.164365	0.020383	0.101244
0.0212976	0.391875	-0.0367907	0.239968	-0.0368604	0.112024	-0.189102	0.0359511	0.106909	0.171475
0.392655	-0.0226409	0.150189	0.258386	0.427803	0.199972	0.00173497	0.121284	0.185229	0.139526
0.314104	0.439981	0.170855	0.172314	0.0215985	0.253737	0.0558421	0.0793337	-0.0947304	0.20776
0.160657	-0.0538884	0.0706541	0.0552037	-0.0524043	0.142667	0.0952898	0.0485793	-0.0621074	0.168931
0.340071	-0.0772311	0.0917324	-0.133708	0.0313985	5.1108e-05	0.039401	0.139055	-0.0872449	0.136951
0.189196	0.136689	0.107741	0.18587	-0.0728177	0.186018	-0.0858623	-0.0103278	-0.0442653	0.240559
0.265192	-0.0558299	0.0079602	-0.215867	0.160557	-0.0212706	-0.106067	0.146266	0.0104806	0.0266723
0.0272682	0.109927	0.0102717	0.358185	0.0709394	0.0754438	-0.17886	-0.141071	-0.21538	0.0939443
0.236857	-0.031036	-0.134016	0.220113	-0.0965973	0.0241126	-0.0859353	0.0275563	0.1047	0.0594417
0.234646	0.0962167	-0.0213662	-0.0425053	0.166766	0.0875706	-0.110472	-0.0870877	-0.104026	-0.00415731
-0.0316607	0.0730764	-0.0279743	0.150738	0.121292	-0.107549	-0.0343137	-0.10052	-0.143429	-0.128706
-0.191185	-0.160754	-0.0488862	0.15797	0.00910889	0.157807	0.0774129	-0.0466965	-0.189268	0.0192632
-0.332415	-0.0323181	0.118288	0.304996	-0.259144	-0.0651972	-0.0744955	-0.0204762	-0.0924729	-0.0233926
-0.140333	-0.0750663	-0.0888292	0.28451	-0.112737	-0.178371	-0.0930042	0.0894215	-0.0982314	0.145356
-0.0611928	-0.000775875	0.0102613	0.104805	-0.0273464	-0.00906678	-0.0936663	-0.00101169	-0.0613541	0.0150335
-0.0300158	0.0248599	-0.0155794	0.0301327	-0.0090089	-0.0229944	0.0194215	-0.00107819	0.0138796	-0.0185458
-0.00373536	0.024411	-0.0099727	-0.0220949	0.006096	-0.0225674	0.0193362	-0.00641504	-0.0270673	0.00286363
-0.052897	0.0315433	0.0632503	-0.00104876	0.0511849	-0.0179531	-0.0035704	0.0167618	-0.0248756	0.0212732
-0.0320253	0.0244976	0.00805198	0.0217308	0.00749025	0.0356111	-0.0520131	-0.052795	-0.0729232	-0.0192394
-0.0328747	-0.0492336	-0.0215619	-0.0040567	0.112705	0.147671	-0.0956962	-0.132656	-0.0157446	0.101311
-0.0964914	-0.219476	-0.0397937	-0.0796235	0.243396	-0.0731333	0.190217	-0.212173	0.0502	0.267249
-0.197786	-0.144401	0.0690069	0.253596	0.451381	-0.104247	0.0683413	-0.0874119	-0.182869	-0.108202
0.0622243	-0.0701919	-0.122863	-0.00308494	0.425262	0.260434	-0.0831326	-0.141467	-0.0239835	-0.101527
-0.130637	0.181377	-0.0196552	0.00552768	0.0957832	0.0234822	-0.0637399	0.0484961	0.0551926	0.0235533
-0.0634747	-0.0371902	0.0446297	0.237234	0.330721	-0.041248	0.0835891	0.0106607	-0.107949	0.120219
0.0501381	0.211097	-0.0283195	0.124392	0.122849	0.0740622	0.0367031	-0.172831	0.0712029	-0.201382
0.232194	0.219165	0.19674	0.285719	-0.0959168	0.158819	-0.146136	-0.112561	0.00117919	0.0815041
0.148772	0.130371	-0.0196835	0.0511642	0.0806026	0.100855	0.144119	0.0398552	-0.151585	-0.0552672
0.15819	0.21405	0.0333178	0.0109432	-0.0410917	0.0705629	-0.040375	0.262362	-0.00795554	0.243132
0.27148	0.10214	0.125097	0.0976777	0.0878796	0.388568	0.0225973	0.0165392	0.0299285	0.0818723
0.393581	0.146325	0.182876	0.160938	0.0831409	0.136679	-0.0723627	0.339486	0.0075301	-0.0161414
0.252346	-0.0958323	-0.159452	0.12405	0.0623228	0.168061	0.152802	-0.0192318	-0.0303325	0.284053
0.1883	0.109913	0.132732	-0.0221344	-0.104991	0.168082	0.0494749	0.124087	-0.053031	0.130141
0.314905	-0.00848045	0.219552	0.27461	-0.0311516	0.335934	-0.128118	0.0432513	0.0131308	-0.107012
0.201426	0.343018	-0.084107	0.202574	0.00867462	0.105047	0.0984807	-0.0295757	0.0864878	0.159401
0.267434	0.0595951	0.182844	0.229647	0.15544	0.20181	-0.0244912	0.147298	0.0171545	-0.0751191
0.108662	0.218966	0.27766	0.128985	-0.112423	0.379024	-0.0647627	0.189274	0.0768113	0.0162897
-0.0265955	0.157458	0.011965	0.205544	-0.0201431	0.119621	-0.0205674	-0.0286157	0.0919582	0.15258
0.0310549	0.00513995	0.37628	0.0774288	0.0567568	-0.112771	0.0434202	-0.0888999	-0.306535	-0.0019842
0.0030417	-0.179868	-0.203171	0.129425	0.0868666	0.191398	-0.214957	-0.133823	-0.525045	-0.047524
-0.14393	-0.155637	-0.149884	0.172141	-0.22013	-0.159341	0.137604	-0.00960679	-0.395834	-0.217947
-0.248897	-0.0530476	-0.0847804	0.269946	-0.0409346	-0.0653008	-0.128648	0.0462018	-0.12196	-0.0244491
-0.072744	-0.0585261	-0.0021319	0.0764351	-0.0258715	0.0245523	-0.0232719	-0.0161972	-0.0193808	-0.0432742
-0.0127604	-0.0216203	0.0122895	-0.00280514	-0.00507151	-0.0192102	-0.00368427	-0.0221022	-0.0229218	0.0037926
-0.000888875	-0.0162083	0.0167831	-0.0210486	0.0266594	0.0148059	-0.0262561	0.00281998	-0.000659333	0.0225406
-0.0121068	0.0184492	0.0246227	-0.00312091	-0.0145457	0.0224152	-0.0200928	-0.00100276	-0.0339536	-0.00606932
-0.0325853	0.0273843	-0.0252565	0.0445347	-0.0488904	0.100001	0.0104398	-0.0867223	-0.0353435	-0.0848727
-0.040484	-0.0469856	-0.0275432	0.0794065	0.152973	0.140406	-0.0524456	-0.174453	-0.00628082	0.0230488
-0.0691428	-0.179246	-0.0860782	-0.0670137	0.18118	0.0883745	0.0575247	-0.0882512	0.0296172	0.162223
-0.183668	-0.137097	0.106677	0.000557191	0.0956836	0.141786	-0.0318431	0.000246285	-0.0582014	-0.0267285
-0.0101525	-0.162611	-0.183464	0.104346	0.054698	0.145955	0.0554674	-0.00733374	-0.0432741	0.0604849
-0.184055	0.0693062	0.19323	-0.0430245	0.137608	0.169958	0.020584	-0.109637	0.0627792	0.132779
0.164372	0.111931	0.0506358	-0.0596338	0.038672	0.253408	-0.186606	-0.176428	-0.120755	0.191997
-0.0386185	0.0516597	-0.0294157	0.0696227	0.0735224	0.18137	-0.0555663	0.264412	-0.0339532	-0.073674
-0.117422	0.0364921	0.246966	-0.00271634	0.134915	0.0607632	-0.0318975	-0.0722063	0.00757597	0.275582
-0.0744276	-0.015947	0.130477	-0.0336874	0.0178208	0.244437	0.0539886	-0.0921909	-0.329773	0.107575
0.209775	0.401663	-0.208308	-0.0326982	0.226471	0.0373467	-0.114629	-0.0485676	0.0664799	0.102932
-0.0233383	0.0201978	-0.0133065	0.169226	0.063704	0.00527176	0.0858547	0.133681	0.00207036	0.352355
0.411186	0.33873	0.356329	0.174807	0.0948336	0.091453	-0.171837	0.0526978	0.176547	0.133131
0.265847	0.0874752	0.155917	0.0776087	0.128174	0.230075	-0.041704	-0.0321803	0.124046	-0.0549515
0.444475	0.272822	0.037253	0.149013	0.156216	0.083454	-0.140825	0.0118257	-0.156957	0.204489
0.166112	0.112179	0.0538991	0.022222	0.182712	0.0777968	0.189625	-0.0204208	0.130778	0.0194702
0.122129	0.13495	-0.024888	0.192858	0.139025	0.266096	-0.282506	0.0387141	-0.0763522	0.0718131
0.129039	0.208774	0.0451292	0.0528904	0.041232	0.0914982	0.0416684	-0.0489445	0.186825	0.217682
0.0696332	0.111678	0.05333	0.202835	0.103326	0.0684604	-0.221184	-0.057831	-0.106768	0.105094
0.218203	-0.0181842	-0.144389	0.0690187	0.152822	0.0513426	0.0562722	0.00928132	-0.0646662	-0.0140084
0.0732331	0.0151748	0.0182257	0.0198873	-0.0587286	0.00151696	-0.0320224	-0.0921441	-0.173739	0.179441
-0.148206	0.149528	-0.0314803	0.0339154	0.0425519	0.0593584	-0.169497	-0.0967755	-0.509534	-0.0190731
-0.0811669	-0.130041	-0.425815	0.458247	-0.292667	0.0436074	-0.169902	0.0514026	-0.515179	-0.110864
-0.346592	-0.126273	-0.137469	0.389517	-0.0430835	0.182049	-0.203119	0.0822287	-0.198509	-0.0614517
-0.0795857	-0.120251	-0.0134105	0.127212	-0.0315177	-0.0361522	-0.0145157	-0.030545	-0.0651532	0.129586
-0.0240447	-0.00747794	-0.00446444	0.00159783	0.00464643	-0.0231372	-0.0266779	0.0179406	-0.0295149	0.054041
-0.0169202	0.0267727	0.00726973	0.0269581	-0.0257456	-0.00909667	-0.00242883	-0.0153778	-0.00232036	-0.00895312
-0.0390794	0.00926144	-0.0261447	-0.0514998	-0.00141897	0.0462661	-0.00492177	-0.0104817	-0.000298279	-0.00212993
-0.0692981	0.0861087	0.0272811	0.0108793	0.0320503	0.0720076	0.0257487	-0.132072	-0.031533	-0.090064
0.0695522	0.00262152	-0.0918921	-0.0163354	0.114345	0.158712	-0.0540158	0.00455188	-0.0314634	0.188427
-0.00172611	-0.102219	-0.105737	-0.268569	0.153866	0.0821251	0.109795	0.0751734	-0.00315908	0.363114
-0.155299	0.0765122	0.275408	-0.172533	0.131313	0.263505	0.0827916	-0.0981957	-0.0247142	0.137696
0.102564	-0.173695	-0.122185	0.071991	0.0503834	0.304711	-0.0945605	0.2324	-0.184789	0.272952
0.0749372	0.246449	0.0753946	0.0268953	0.0507527	-0.0499512	-0.0134067	-0.0478595	-0.0677895	0.181979
-0.0433898	0.0682445	-0.0338978	0.152031	0.187937	0.0850633	-0.221169	-0.0303771	-0.00212666	0.344505
0.0217452	0.0902773	0.0511217	-0.0495122	-0.0281537	0.250234	0.145259	-0.00452573	-0.174569	0.387912
0.406641	0.231135	0.141788	0.0177311	-0.311401	0.039126	0.0963048	-0.0154477	-0.221212	0.106395
0.0432208	0.202908	0.150814	0.182973	-0.360728	0.100971	-0.148764	0.0383634	-0.129285	0.0813709
0.113325	0.283727	0.13279	-0.158983	-0.335757	0.165247	-0.0180574	0.144455	-0.0448418	0.104705
0.130754	0.16705	0.0263291	-0.0673167	-0.434408	-0.0328788	-0.0361007	0.0308342	0.0688625	0.0679115
0.0823689	0.113321	-0.101318	-0.126537	-0.0875723	0.0779709	-0.0592124	0.153919	0.0979441	0.229654
0.235798	0.0855905	0.00771549	-0.140467	-0.0411456	0.122307	-0.00711449	0.206187	0.27415	0.303684
0.171171	0.0346092	-0.108717	0.0699369	0.225426	0.00336237	-0.0944184	-0.111342	0.134051	-0.0834212
0.048348	-0.00884674	0.0518516	-0.0171704	0.0379746	0.145742	-0.283234	-0.101676	0.0709649	0.238069
0.180197	0.17217	0.116443	0.0584037	0.0131963	0.284698	-0.0345234	-0.0961797	0.0649951	-0.0633677
0.188194	0.0833632	-0.180902	0.131768	0.272986	0.00352458	0.0385126	-0.0791962	-0.0559469	-0.0184095
0.173649	0.00960881	0.0190405	-0.102549	0.124994	0.0692069	0.0791099	-0.070173	-0.11367	-0.0487631
-0.119611	-0.14061	0.0618055	0.0925739	-0.161718	0.0765965	0.0196119	-0.15103	-0.081209	0.170158
-0.126866	0.0714053	-0.0483506	0.0456656	-0.111058	0.154557	-0.10099	0.161229	-0.288577	0.106392
0.0632377	0.148286	-0.123897	0.0148572	0.116812	0.187927	0.0615412	-0.0758427	-0.500017	0.202566
0.177021	0.109311	-0.275684	0.449195	-0.258017	-0.0983662	-0.362393	0.122057	-0.563468	0.107113
-0.301379	-0.108455	-0.112891	0.472466	-0.0545049	-0.06594	-0.358416	0.128798	-0.223626	0.252724
-0.0947604	-0.0989562	0.0745224	0.108183	0.00358497	0.0201976	-0.193435	-0.0358059	-0.0282794	0.175903
-0.0400899	0.0344539	0.130912	-0.121088	-0.0147232	0.0736201	-0.109869	-0.0177538	-0.0284047	-0.0580685
0.0168538	0.00206294	0.0197022	-0.0266612	0.000151059	-0.0153884	-0.0190841	0.00727347	-0.00396065	-0.000364599
0.00063249	-0.0172253	0.0236494	-0.0326384	-0.0108285	0.00669627	0.00458245	-0.0376517	0.00902659	0.00491148
0.00796821	0.0940606	0.0126562	-0.0240288	0.021729	0.0703831	-0.0214431	-0.0263017	-0.0658353	-0.0881161
0.179137	-0.0448776	-0.0945652	-0.133007	0.00734493	0.159218	-0.0929115	0.138652	-0.0594432	0.164445
-0.0646726	0.163	-0.127169	0.0617019	-0.331036	0.015536	-0.00241768	-0.090112	-0.0890342	0.210939
-0.0922074	0.320833	0.0584062	-0.00530728	-0.360333	-0.0678809	0.188192	-0.250767	-0.113363	0.170997
-0.00712467	-0.0203919	0.125031	-0.0808319	-0.309741	0.151549	0.149756	0.0197663	-0.225418	0.491708
0.159801	-0.0674134	0.3084	-0.0545716	-0.689021	0.0535755	0.13482	-0.0403962	-0.140167	0.0923443
-0.0880629	0.0595035	0.535058	0.0405163	-1.06074	-0.056827	0.0597846	0.23023	-0.125617	0.0536663
-0.0295963	-0.0585861	0.270124	0.0700042	-0.937539	0.204223	0.0565791	-0.0062689	-0.263734	0.0455222
-0.0736052	0.0717475	0.343423	0.0721691	-0.68229	0.0909215	-0.0827279	-0.00394298	0.0184402	0.312033
-0.103607	0.0322986	-0.104294	0.0203636	-0.308849	0.041797	-0.0134158	0.0786235	0.0506794	0.163874
-0.166224	0.0222025	-0.205117	0.167977	-0.371523	-0.0381614	-0.167442	-0.029564	0.0409678	0.115363
-0.135855	0.431603	-0.186754	-0.242559	-0.243015	-0.0406812	-0.297397	0.014931	-0.0118455	0.300834
0.238818	0.178352	-0.0276148	-0.0682817	-0.129484	-0.210344	-0.277008	0.00180028	0.148759	0.188303
0.117232	0.129616	0.123785	0.0222619	-0.143649	-0.135011	-0.355276	-0.108782	0.318244	-0.297248
0.276591	-0.0293157	0.0727334	-0.190358	0.348191	-0.115277	-0.384186	-0.227789	0.263898	-0.0291303
-0.0225767	-0.0142788	0.097265	-0.0903463	0.179768	-0.0613683	0.0145209	-0.160901	0.208054	-0.235941
0.243051	0.153551	-0.0820965	0.195993	0.247643	0.171126	0.136453	-0.183639	0.0896965	0.155679
-0.0161962	-0.0941001	-0.11576	0.00604868	0.0195918	0.300866	-0.0834254	-0.211674	0.18615	0.11787
-0.0754204	0.101073	-0.275001	-0.0143995	0.182156	0.178694	-0.0727561	-0.116686	-0.259636	0.00121064
0.0909429	0.147523	-0.179138	-0.100311	0.188447	0.135637	-0.124481	-0.142184	-0.294389	0.102814
0.17742	0.188411	-0.31628	0.0313619	0.0618891	0.018072	-0.102548	-0.0151035	-0.563688	0.093013
0.298428	0.215615	-0.294494	0.155933	-0.0852031	-0.148886	-0.0341921	-0.156247	-0.526289	0.283321
-0.0516541	0.240144	0.014229	0.373718	-0.418704	-0.0224004	-0.213076	0.110775	-0.46183	-0.091023
-0.304144	0.056896	0.0830516	0.263029	-0.0377476	0.127239	-0.437482	0.173624	-0.157836	-0.237511
-0.118097	0.0140762	0.15006	0.0610183	-0.0138988	-0.0224373	-0.190728	0.024348	-0.0492609	0.0779082
-0.0126526	0.0303057	0.0519747	-0.0314736	-0.0210102	0.0297096	-0.0148866	0.0270764	-0.0084349	-0.0218418
-0.0239189	-0.0245623	-0.0103977	0.0105977	-0.00101735	0.0137575	-0.00326138	-0.0213689	0.00292186	-0.0196663
-0.0202055	0.0204098	0.0229	-0.0225112	-0.0253086	0.0370676	-0.0203211	-0.0184912	-0.020355	-0.0124201
0.0294741	0.0408147	0.0368285	-0.153159	0.0282138	0.0897344	-0.152283	-0.0916259	-0.015618	-0.0488802
0.130378	-0.0276761	-0.148197	-0.115735	-0.0839658	0.136811	-0.171911	0.109648	0.00654098	0.145832
-0.162548	0.154465	-0.205337	0.00608816	-0.507748	0.0659734	-0.264095	-0.05726	0.00771705	0.282351
-0.135087	0.0505286	-0.157719	-0.0388792	-0.727504	0.123693	0.0212623	-0.0207678	-0.03218	0.293019
-0.0227385	0.221162	0.131667	-0.0420025	-0.979212	0.19687	0.122306	-0.0124698	-0.173274	0.154735
-0.0489613	-0.0860081	-0.127803	-0.00447625	-1.05331	0.208424	0.110502	-0.0615554	0.0682642	0.17127
0.155061	-0.128701	0.0609303	0.0255612	-0.666493	0.0329852	-0.0999582	-0.190116	-0.186398	0.115822
-0.253138	-0.00941797	-0.254835	-0.0512789	-0.414521	0.203979	0.0852818	-0.236577	-0.181068	0.306065
-0.0220401	-0.0798619	-0.225502	-0.0493449	-0.329001	0.283368	-0.158446	-0.103587	0.177473	0.0151474
0.0315947	0.144334	-0.0266542	-0.0564351	-0.236741	0.0971946	0.0104167	-0.0527408	-0.0929701	0.234207
-0.175022	0.125278	-0.421179	-0.022316	-0.0689126	0.291628	-0.0298175	0.111361	0.185441	0.0458716
0.031212	-0.0141632	-0.526528	-0.0855487	-0.175133	-0.299143	-0.255143	0.272035	-0.0374431	0.0102428
0.0750679	-0.345156	-0.158705	0.106966	-0.00989457	-0.0825625	-0.318207	0.0153882	0.285877	0.0362138
-0.136425	-0.365144	-0.0877213	-0.0889755	-0.0172266	0.127067	-0.28323	0.0229951	0.286594	-0.177638
-0.178544	-0.182015	-0.262679	0.0927138	-0.0583781	0.0481358	-0.11303	-0.0329455	0.283368	-0.116368
0.176687	-0.187245	-0.312233	-0.0527248	0.206171	0.275657	-0.21323	0.164107	0.268589	-0.00514762
0.013697	-0.0037533	-0.126651	-0.0934136	0.0948009	0.22797	-0.0680712	0.0788306	0.171958	0.0289758
-0.0168651	-0.162026	-0.291098	-0.149309	0.134336	-0.143033	0.202585	0.0233929	0.167367	0.00965794
0.182451	-0.211558	-0.230017	-0.369989	0.121597	0.0391213	0.0275158	-0.0842503	-0.287105	0.176259
0.0308476	0.0146839	-0.0768826	-0.0951157	-0.173642	-0.0106673	0.0752255	-0.0247499	-0.475722	-0.13976
0.192998	0.0361723	-0.199901	-0.221443	0.189481	-0.191418	-0.133142	-0.0840531	-0.352427	0.29273
0.107406	0.0669311	-0.10866	0.0102757	-0.100537	-0.201815	-0.0595835	0.158853	-0.282508	0.290207
0.0941356	0.116101	-0.129827	0.407059	-0.104386	-0.188523	-0.23972	0.119581	-0.306194	0.596787
-0.182957	-0.0141794	0.0731471	0.217306	0.016795	-0.107734	-0.232197	0.0883719	-0.192629	0.162118
-0.0928766	0.0850474	0.0115158	0.143555	-0.0363088	0.0143861	-0.138348	-0.00599195	-0.0107955	0.152042
0.0124878	0.0236396	0.00325008	-0.034688	0.00432579	0.0171172	-0.0258852	0.00510808	-0.0114321	0.00386869
0.00807765	0.0192944	-0.0248167	0.0148353	0.0180489	-0.0168934	0.00669483	0.00434913	-0.0220512	-0.00909383
-0.0321591	0.0359855	0.0261165	-0.00606995	-0.0237377	-0.00190601	-0.00259733	-0.0280724	0.0248267	-0.00415767
0.0031318	-0.00333181	-0.0311866	-0.122889	-0.00397787	0.100587	-0.101336	-0.0599473	-0.0459083	-0.0275596
-0.0245817	-0.0164462	-0.228239	0.152254	-0.124324	-0.0879905	-0.100226	-0.0948225	-0.0178277	0.117019
0.101053	0.0363262	-0.2756	0.0777493	-0.449387	0.0192351	-0.122572	-0.064837	-0.0266747	0.296659
0.0606813	-0.111699	-0.267985	-0.114533	-0.573689	-0.0196323	-0.00776531	0.0409928	-0.0246809	0.287064
0.120781	0.202239	-0.477579	-0.0280502	-0.743387	-0.038108	-0.0531003	-0.135978	-0.0447047	-0.041603
-0.242879	-0.0379925	-0.751753	0.00357588	-0.173386	0.158247	-0.122648	0.180837	0.169929	0.141878
-0.0338325	0.218482	-0.676814	-0.144201	0.163389	0.12326	0.0622992	0.0472567	0.00325197	-0.106089
0.0206299	0.151626	-0.897219	-0.121972	0.127709	-0.014645	0.195737	0.153349	0.0977584	-0.0898323
-0.0482577	0.0837499	-0.981588	0.195463	0.220971	0.109143	-0.024396	0.13272	0.0797215	-0.26139
0.0614165	-0.0387248	-0.71878	0.169902	0.211502	0.0546243	0.182691	0.147383	0.0968543	-0.404551
-0.165735	-0.0774122	-0.71421	0.0942635	0.495366	-0.158678	-0.10031	-0.0540011	0.110882	-0.325011
-0.218546	-0.429073	-0.471284	0.168972	0.175269	-0.185855	-0.0802835	0.0923415	0.168124	-0.394622
-0.033533	-0.409323	-0.283463	-0.199439	0.120566	-0.376754	-0.189125	0.0426711	0.263522	-0.0841855
-0.0183465	-0.243122	-0.0662882	-0.00962029	-0.172659	-0.113076	-0.305066	0.0862663	0.246463	0.111808
-0.145658	-0.2513	-0.215332	-0.215332	-0.0958995	0.0516592	-0.119705	0.0532049	0.184922	-0.0624408
0.0562344	-0.140582	-0.13874	0.0335454	-0.148137	0.00889382	0.205802	0.0594908	0.0664638	0.141708
0.0113253	-0.101238	-0.035103	-0.112215	-0.0607501	0.0895762	-0.129335	0.147409	0.249465	0.0351816
0.008289	-0.31568	-0.113985	-0.243174	-0.0540963	0.175916	0.0319468	-0.2704	-0.224654	0.0272987
0.155391	-0.104276	0.0167349	-0.0142884	-0.14676	0.104867	0.111507	-0.0151955	-0.667393	0.00571833
0.122342	-0.255898	-0.00301368	-0.0309196	0.128868	-0.048275	0.09896	-0.154764	-0.388889	-0.0387723
0.187484	-0.0277795	-0.333335	-0.203945	-0.209991	0.0615948	-0.0686613	-0.249359	-0.283848	-0.0498479
0.426562	0.0268907	-0.326218	0.00281861	-0.278189	-0.123139	0.157668	-0.0703818	-0.109811	0.236652
0.202852	0.133856	-0.234749	0.0868791	-0.0725718	-0.235287	0.458791	-0.275475	-0.0942262	0.231027
-0.120037	-0.0149859	0.0742109	0.00779729	0.016381	-0.103345	0.00207098	-0.0646888	-0.1573	0.277412
-0.136069	-0.00134212	-0.0488504	0.0929226	0.011782	0.131289	-0.255662	0.0487271	-0.0473078	0.157112
-0.00868283	0.0185108	0.039288	-0.0643492	-0.0186072	0.0197497	-0.0173351	-0.00415587	-0.00637645	0.0231212
0.0180767	-0.0154256	0.0228328	-0.0110414	-0.0104147	0.00230595	-0.0103794	-0.0141124	-0.0230793	-0.027079
0.0201151	0.0271115	0.0191987	0.0227499	-0.0180402	0.0239184	-0.00988868	-0.0268164	-0.0298222	-0.0103607
-0.00140395	0.0327022	0.00898859	-0.0585264	-0.00350605	0.0784036	-0.0756886	-0.0312147	-0.0103662	0.0065397
0.0332517	0.0262395	-0.279095	0.103256	0.151006	-0.0501165	-0.115082	-0.0795484	-0.0103593	0.0237188
0.322001	-0.298227	-0.363059	-0.0149863	-0.247735	0.154063	-0.10989	-0.0670535	-0.0270881	-0.21757
-0.0371066	-0.210126	-0.556938	-0.176566	-0.157921	0.0304649	0.0457472	0.287605	-0.0932611	-0.294626
-0.0279399	-0.0391547	-0.848839	-0.240451	-0.0713335	-0.0336243	0.0486306	0.101815	-0.0459105	-0.242131
0.229284	0.183372	-0.96438	0.213643	0.26302	0.0662548	0.0423201	-0.0765621	-0.077896	-0.204651
0.0426886	0.0149766	-0.925803	0.308443	0.357063	0.192322	0.0152142	-0.0632466	0.0698477	-0.261944
0.047374	0.0401916	-0.502064	0.160899	0.00835091	-0.0101882	0.120164	0.0952666	0.0769215	-0.129924
0.0888048	0.119347	-0.225511	0.0583983	0.403918	0.26797	0.202313	0.123473	-0.0122694	-0.240756
-0.113818	-0.0596825	-0.0217246	0.197188	0.128499	0.098478	0.0996151	0.0403306	-0.0177314	-0.0844068
0.0486009	-0.342012	0.1577	0.405481	0.0767956	-0.0455601	-0.0542662	0.03984	0.15171	-0.285666
-0.113115	-0.480129	0.39114	0.215854	0.0594538	-0.179352	0.0935303	0.190499	0.15065	-0.0664999
-0.0254816	0.110364	0.0812715	-0.000760774	-0.0760982	0.041777	-0.236156	0.188483	0.279244	0.101991
-0.061566	-0.351305	-0.0800727	0.137471	-0.039155	0.0155545	0.0348976	-0.0693914	0.30981	-0.0589974
-0.0198237	-0.255627	0.0111052	-0.187533	-0.0180444	0.118227	-0.0701103	0.0362443	0.0202383	0.0799418
-0.153549	-0.124429	-0.205701	-0.195229	-0.113793	0.0785199	0.0818586	-0.0154472	0.267252	0.0156401
-0.0852927	-0.0718085	-0.278701	-0.128769	0.206619	0.171168	0.00921563	-0.069952	-0.187986	0.0615552
0.155857	-0.175833	-0.172119	0.122251	-0.06131	-0.0533565	0.309173	0.000969078	-0.416307	0.0134685
-0.20425	-0.211457	-0.236703	0.107323	0.0448933	0.193847	0.0423846	0.0814918	-0.2708	0.243377
-0.0155384	-0.230573	-0.0746673	-0.1325	0.00921631	0.0358351	0.00370265	-0.220323	-0.3346	-0.175908
0.00926344	-0.239963	-0.11737	0.0330155	-0.3322	0.0026413	-0.0543681	-0.295972	-0.102526	-0.108354
0.191137	-0.151399	0.117111	-0.00573544	-0.254424	-0.254007	0.395881	-0.241948	-0.0397928	-0.209373
-0.0500063	-0.0636533	0.177306	-0.228208	-0.00425954	-0.227118	0.235331	-0.252701	-0.0988049	0.0123463
-0.18373	-0.0165966	0.0722235	-0.0753562	-0.00195183	-0.0404021	0.080871	-0.078015	-0.102014	0.0386474
-0.180718	0.00168349	0.0874421	0.0179816	-0.00218315	-0.00912351	-0.00726744	0.00744947	-0.000161164	0.0501021
0.00867766	-0.0243699	0.132347	-0.0447626	0.0146377	-0.0212905	0.0417397	0.0102714	0.0223898	-0.0213771
-0.0221833	0.0113811	0.0231562	0.00529785	0.0187801	-0.00522454	0.0146944	-0.0261646	-0.0113042	-0.0198674
0.023047	-0.00565639	-0.00437414	-0.0374061	0.00273674	0.0276026	0.0048164	-0.0261894	0.0195937	-0.00458942
-0.0137686	0.00958117	-0.000652151	-0.0632522	0.0148588	0.0346804	-0.051063	-0.0148128	-0.00912198	-0.0189335
-0.0345949	-0.0503968	-0.245558	-0.0874938	0.21599	0.148649	-0.0494102	-0.115036	0.0308608	-0.0201555
-0.0547232	-0.317915	-0.283027	-0.0664828	0.163697	0.255261	-0.0710956	-0.191468	-0.00696184	-0.425109
-0.0600728	-0.0378387	-0.597118	-0.00454925	0.152397	0.0146884	0.00844692	0.0670849	-0.0878693	-0.607446
0.255934	-0.0853547	-0.490723	-0.0659827	0.397901	0.0832501	0.0849937	0.213015	-0.32125	-0.280699
0.0304249	0.15342	-0.0462841	0.0144036	0.216626	0.13189	0.30446	-0.0776145	-0.160553	-0.375557
0.0686565	0.0573354	-0.0203205	0.0214518	0.208294	0.29278	0.0568713	0.0598598	-0.0654826	-0.322914
0.00120218	-0.0481106	0.232801	0.212908	0.182858	-0.0088329	0.0954221	-0.160017	0.117355	-0.245497
0.015158	0.0554203	0.120515	0.175541	-0.08964	0.110839	-0.0463364	-0.113872	-0.0720808	-0.0622934
0.0260738	-0.221423	0.0861311	0.239554	0.0958541	0.00390236	0.365983	-0.255543	-0.0578726	-0.153578
0.0214966	-0.330185	0.301676	0.230191	-0.0502664	0.184065	0.29829	0.303871	-0.110099	-0.196462
0.131119	-0.325455	0.0956511	0.199862	0.111577	-0.108032	0.207817	-0.0348339	0.0566593	0.163452
-0.273882	-0.0842835	0.157418	0.118092	-0.071432	0.0791872	0.0655023	0.22989	0.388867	0.160781
0.0720746	-0.196733	0.0317091	-0.045385	-0.0888023	-0.0951477	0.0373	0.0195237	0.0602597	-0.0866407
-0.191338	-0.234905	-0.0789169	-0.0483125	-0.119288	0.0657984	0.143182	0.104556	0.0717049	0.0488893
0.0226966	-0.200136	-0.00294548	-0.0254878	0.0673822	0.303247	0.0905181	-0.118778	0.177343	0.0397354
0.115149	-0.215864	0.00819928	-0.236336	-0.0204086	-0.0311323	0.195383	0.105354	-0.355756	-0.108304
-0.270353	-0.278545	0.0458	-0.302392	0.0536725	0.276863	-0.0464032	-0.0628389	-0.278927	-0.000839118
0.0809142	-0.173235	-0.247945	-0.0714616	0.0606168	0.111317	-0.0795206	-0.256061	-0.358347	-0.333436
0.20964	-0.201405	-0.0123531	-0.134096	0.209671	-0.233902	0.065018	0.0126557	-0.180836	0.006488
-0.0317056	-0.171659	-0.0149052	-0.128484	-0.229884	0.077908	-0.10827	-0.279004	-0.0842375	-0.377541
-0.0952714	-0.0100746	0.071851	-0.39681	-0.127641	-0.130927	-0.0259263	-0.0973061	0.0408927	-0.22108
-0.0463825	0.0369436	0.0414855	-0.018977	0.00365783	-0.12778	-0.0420245	-0.184987	0.0221155	-0.145783
-0.0190052	-0.0854339	0.0904565	-0.135439	0.0208656	-0.0596548	0.234502	-0.0840658	0.0443924	-0.0444854
-0.00142443	0.0466397	0.195836	-0.13809	0.0332604	-0.0452274	0.0515242	-0.0289502	0.00811555	-0.024559
0.00321691	-0.0119283	0.0235594	-0.0145601	0.00951921	0.0169278	-0.0241987	-0.00197213	0.0260542	0.00118763
-0.016059	0.0110622	-0.0232385	-0.0239347	-0.0059994	-0.000594161	0.0103403	0.0193736	0.0214886	0.00213561
-0.0199419	0.00146625	-0.00393002	-0.0208092	0.00924775	0.0207612	-0.0309971	0.0234889	-0.0137535	0.02339
-0.0239042	0.000862653	-0.0310933	0.00310523	-0.0120914	-0.0206161	0.0160392	0.0176061	-0.008154	0.0160904
-0.114872	-0.0486895	-0.0179014	0.0171556	0.111392	0.213251	0.0363735	-0.151887	0.0448217	-0.0492427
-0.0196044	-0.189587	-0.119471	0.100579	0.250181	-0.0449787	0.00121718	-0.219277	0.0148981	-0.356247
0.178631	0.130811	0.075399	-0.0625554	0.289903	0.0157921	-0.0298873	-0.215054	-0.374876	-0.311068
-0.244858	0.0141406	0.128458	0.103924	0.363709	0.0314105	-0.068175	-0.0401386	-0.232229	-0.196235
0.18432	-0.0882482	0.240006	0.181076	-0.128641	-0.000871602	0.0143329	-0.143719	0.167781	-0.206209
0.114282	-0.170124	0.234459	0.254809	-0.222086	0.165375	0.0878687	-0.0312735	0.220917	-0.0990909
-0.0393784	-0.059857	0.251881	0.268628	0.0315074	0.0263686	0.201255	0.25172	0.101151	-0.0812206
0.106744	-0.0259841	0.126436	0.0539653	-0.0316626	0.18254	0.171316	0.117	-0.0296882	-0.190467
-0.154982	-0.1221	0.157255	0.204534	-0.000777729	0.186565	0.25406	0.194264	-0.0245719	0.196724
0.0063326	-0.168546	0.057562	0.153806	0.0169209	0.0798307	0.187481	0.108225	-0.00977252	-0.113452
-0.103451	-0.265753	0.267134	0.0788939	0.00587935	-0.127361	0.12307	-0.00948467	0.13138	0.043054
-0.34159	-0.218086	0.0204894	0.231693	-0.0596932	-0.0201844	0.112271	0.0278993	0.432133	0.317895
-0.0820999	-0.26698	-0.0105139	-0.145095	0.0770059	0.132224	0.0226945	0.0101268	0.0477978	-0.0664026
-0.174307	-0.178684	0.0145719	0.0334054	0.0397504	0.0798987	0.151047	0.0807204	0.252927	0.099575
-0.0735274	-0.217974	0.016823	-0.0523886	-0.0891628	0.421496	0.209413	-0.0633714	-0.161308	0.00118836
0.0128888	-0.0630051	-0.208922	-0.00545805	-0.0038243	-0.0752324	-0.213331	-0.094666	-0.410106	-0.186103
-0.127323	-0.479347	-0.160083	-0.191883	-0.0460068	-0.166678	-0.134445	-0.132287	-0.388839	-0.0657379
0.125011	0.0757744	-0.286779	-0.270124	-0.075084	-0.151693	-0.185081	0.0149611	-0.309686	-0.00070097
-0.110173	0.146745	0.0324943	-0.265724	-0.15478	-0.017255	0.0795413	0.286015	-0.0251866	-0.246842
-0.107004	-0.358884	-0.286562	-0.327647	-0.338994	0.165604	0.00362857	0.0500842	0.026966	-0.0209901
-0.0671901	0.0274946	-0.012732	-0.0564377	-0.0758295	-0.181121	-0.169865	0.225883	0.00959882	-0.251405
0.147478	0.00187522	0.237706	-0.0627898	0.15927	-0.442798	-0.0213521	-0.151823	-0.0970802	-0.102453
-0.0489483	-0.132753	0.250515	-0.165376	0.106328	-0.219629	0.274846	-0.0720258	0.115733	-0.0842099
-0.135265	0.0418176	0.255301	-0.145064	0.00506101	0.0422195	0.0304413	0.00559359	-0.0238441	-0.0488719
0.00410399	0.00535451	0.0264381	-0.00979047	-0.0101111	-0.0518601	0.0548606	-0.00527528	-0.0257672	0.0132496
0.0109442	-0.0162793	0.0194162	-0.0149817	0.0115693	0.0178686	-0.021187	0.0183653	0.00646609	-0.0246377
0.01064	-0.0171176	0.0222305	0.000513241	0.00104813	0.0157127	-0.0174377	0.0045546	0.0229508	0.0330858
-0.0219391	-0.0108049	0.00902423	-0.00527975	0.0285364	0.0116074	0.0282383	0.0415394	0.0169035	0.0448338
-0.16531	-0.0996725	0.0280665	0.0456305	0.0978687	0.0162969	0.0851175	-0.0696421	-0.0327499	0.0389431
-0.00689692	-0.285534	-0.263956	0.0799113	0.197548	-0.0460921	-0.0793299	-0.0994205	-0.108073	0.0303395
0.269937	0.0310124	0.128572	0.22409	0.0886557	0.00187115	0.148359	-0.435167	-0.205851	-0.195117
0.249894	-0.172948	0.223602	0.268516	0.0537177	-0.0536387	0.105859	-0.602793	-0.0188874	-0.18307
-0.0220099	0.085077	0.204661	-0.130307	0.191044	0.200599	0.230791	-0.400851	0.263021	0.0314207
0.211894	0.145843	-0.150845	0.137616	-0.183029	0.217046	0.167853	-0.274809	0.126089	-0.0231969
0.0211641	0.0629269	0.0619486	-0.119231	0.00845078	0.00487877	0.185763	-0.0386239	0.150512	-0.0378428
0.124525	-0.00491697	0.127275	0.0474715	-0.02714	0.00410543	0.183058	0.0163891	-0.248205	0.0948346
0.0524728	-0.110076	0.248925	0.0711169	-0.254854	0.0335815	0.456281	0.19661	-0.0383243	-0.0371931
-0.0502632	-0.215768	0.166335	0.295058	-0.00799652	0.292647	0.273183	0.32293	-0.0193114	0.11244
-0.192326	-0.196943	0.371698	0.0904253	-0.0263028	0.132091	0.310103	0.196979	0.123966	0.25628
-0.150655	-0.0729854	-0.0174691	-0.0101494	0.00564644	-0.193656	0.148318	0.0407183	0.273666	-0.081531
-0.324105	-0.385792	-0.0120365	-0.00337302	0.0403632	0.079454	0.0692587	-0.0841246	-0.153385	-0.183718
0.0289826	-0.0764725	0.088846	-0.0770088	-0.144975	0.162997	0.39801	-0.135002	-0.0610503	0.0578448
-0.114246	-0.279416	-0.0630065	-0.147193	0.0883513	0.302451	0.214106	-0.140356	-0.689038	-0.0644161
-0.0535022	-0.4165	-0.0613809	-0.307388	0.142534	-0.168618	0.0687798	-0.10372	-0.344689	-0.00424095
-0.451567	-0.0463909	0.0478772	-0.347369	0.151556	-0.113195	0.0283303	0.0672234	-0.366263	-0.232891
-0.0366083	-0.111371	0.0542654	-0.157506	-0.0869677	0.122785	-0.0598568	0.0261887	-0.00879066	-0.228405
-0.198415	0.0653366	0.259668	-0.183794	0.147011	-0.0339708	0.0668739	-0.0656072	-0.210755	-0.0879396
-0.0334056	-0.161509	0.0109729	-0.10882	-0.0852649	-0.182697	-0.00257133	0.0392233	0.0119369	-0.06234
-0.135646	-0.0637949	0.129173	0.0152	0.0289586	-0.083317	-0.00656047	0.160607	-0.0118023	-0.0602348
-0.0611655	-0.0778606	0.312957	-0.259672	0.194795	-0.280014	0.0121199	0.0909649	0.0154738	0.0638156
-0.125338	-0.0731295	0.412614	-0.23991	0.142916	-0.218204	0.416835	-0.204234	0.033968	-0.0840179
-0.0811757	0.00927974	0.346328	-0.168403	0.0238358	-0.0702637	0.0983807	-0.0992763	-0.0203689	-0.0272014
0.0176172	0.000896882	-0.0141357	-0.0283837	-0.0144253	0.0117355	0.0357517	0.0191187	0.00336488	-0.00690813
0.00531923	0.0177657	-0.014009	0.0253322	-0.000219471	-0.0186127	0.0142469	-0.0148798	0.0228633	-0.00522479
0.0158904	-0.00946787	-0.0150475	-0.012812	-0.0228794	-0.0104965	0.0155295	0.0111385	-0.0150388	-0.0031515
-0.0568221	-0.0212607	0.027849	-0.0271585	-0.0325795	-0.00563118	0.0831095	-0.0179348	0.0111668	0.0661656
-0.0521638	-0.0965286	0.0109217	0.0817051	0.174314	-0.188425	0.0221617	0.12983	-0.0864315	0.0371341
-0.0428522	-0.178287	-0.156412	0.134784	0.11096	-0.165097	0.00253304	-0.156225	-0.025197	0.154636
0.0813326	0.0152621	0.258707	0.119595	0.0875457	0.0483448	0.0892666	-0.289821	0.0541883	0.0840306
-0.0980268	-0.185252	0.199154	0.204541	0.10166	0.029516	-0.0713289	-0.550098	0.0599195	-0.192417
0.0905743	-0.17994	-0.0191278	-0.0128327	-0.0512582	0.0198566	0.130656	-0.550502	-0.012885	-0.205172
0.029271	-0.141514	0.100069	-0.0239714	0.167652	0.0127416	0.065787	-0.73762	-0.0985563	-0.0421555
0.0296382	-0.203937	0.173008	0.180212	-0.119885	-0.0421456	0.0360305	-0.976715	-0.252898	-0.0412366
0.297816	0.0399165	0.0751081	0.0582547	0.0283771	-0.149622	0.176213	-0.651975	0.121151	-0.14649
-0.0970392	0.012254	-0.0403909	0.100252	-0.0221116	-0.0710898	0.162814	-0.350935	-0.101106	-5.42995e-05
0.186883	-0.110964	0.215511	-0.0971715	-0.0883865	0.0286105	0.179638	-0.169503	-0.191333	0.119242
-0.247526	-0.180393	0.150822	0.0519372	-0.0284507	0.228006	0.268694	-0.148654	0.061425	0.27837
-0.244477	0.0110201	0.0819578	-0.0213265	-0.0993543	0.0315184	0.130262	-0.191462	0.147726	0.172866
-0.0561465	-0.183594	0.00337402	-0.0666143	-0.0512909	0.327113	0.144954	-0.134945	-0.261816	-0.121101
-0.0124336	-0.159576	0.0879061	-0.0174149	-0.117558	0.114977	0.160084	-0.246715	-0.366033	-0.00632526
0.000830175	-0.0151691	0.120923	-0.0638251	0.0151989	-0.0730927	-0.0205237	-0.0770099	-0.570085	-0.0281437
-0.123619	0.0429365	-0.0288202	-0.142329	-0.188452	0.0740637	-0.125542	-0.00560186	-0.285716	-0.22175
0.0153232	0.0832091	-0.196515	-0.10923	-0.118499	-0.387978	0.0224671	0.10695	-0.120425	-0.0205956
-0.0702937	0.129263	-0.0249313	-0.0400144	-0.488309	-0.0438412	0.047713	0.0245306	-0.0840461	-0.082706
-0.042199	-0.111694	-0.0682829	-0.109719	0.0175975	-0.177787	0.0386207	0.11292	-0.105451	0.0365705
0.00594829	0.159062	-0.125053	-0.147255	0.253271	-0.0804876	0.0233536	-0.160572	-0.00938609	-0.233041
-0.0292794	-0.0761064	-0.166743	0.0653683	0.147027	-0.101484	-0.0956743	0.12284	-0.0327701	-0.186799
-0.0980828	-0.0568378	-0.000505598	0.174869	-0.126128	-0.188403	-0.176171	-0.201836	0.0791788	0.0570737
-0.0777719	0.0990607	0.391629	-0.215262	0.0821253	-0.0891978	0.326982	-0.144274	-0.0754975	-0.0719691
-0.0382147	0.00768444	0.228432	-0.137641	-0.0177495	-0.0320799	0.0485375	-0.0237266	0.00556807	-0.000833677
0.00594276	0.0302068	0.0501111	0.00317298	0.00655244	-0.0646353	0.0379341	-0.0176845	-0.0187882	0.00961589
-0.0198634	-0.000756955	-0.0223261	-0.0256361	0.00601159	0.0170596	0.00855923	0.0261761	-0.00636252	0.00414678
-0.0146713	-0.019734	0.0125035	-0.0254224	-0.0196208	-0.0159413	-0.0237935	0.0153901	0.00499423	-0.0123207
-0.00749319	0.00616933	-0.0573495	-0.00443197	-0.0351566	0.0463999	-0.0304917	0.11444	0.0409787	0.0590209
-0.0875623	-0.152259	0.0569461	0.0865145	0.150353	-0.121141	-0.0110296	0.248908	-0.0314005	0.124926
-0.152289	0.00600042	0.0545907	-0.065213	0.0754464	-0.0816637	0.187781	0.152139	0.06101	0.0444213
-0.15371	0.0294423	0.220076	0.262559	-0.0182816	-0.0489351	-0.0660291	-0.140386	-0.0264367	0.102692
0.143339	-0.206603	0.077934	0.145311	0.14794	-0.0931326	0.00550288	-0.0518333	-0.15303	0.187162
-0.112142	-0.111539	0.245353	0.212263	0.122133	-0.0306109	0.17931	-0.136586	-0.227187	-0.0200868
-0.0115513	-0.330801	0.217366	-0.138474	0.0423252	-0.0211767	-0.0418147	-0.434731	-0.0700661	-0.172768
-0.0365951	-0.0630301	-0.0882469	0.149661	0.259219	-0.310977	-0.0635693	-1.04195	0.0954107	-0.251684
0.0982899	-0.0191106	0.148395	-0.0167057	0.129745	-0.114085	-0.103581	-1.24588	-0.107472	0.0259956
-0.0391263	-0.28653	-0.010948	-0.186957	-0.231292	-0.055079	-0.0826226	-1.38693	-0.12659	0.0610039
-0.255445	-0.148873	0.270851	0.074789	-0.0291064	-0.235743	0.18349	-1.2459	-0.0994403	-0.103837
-0.153441	-0.225855	0.0565808	0.0175573	-0.144771	-0.0302625	0.0166624	-0.659968	0.00214313	0.0274431
-0.14465	-0.236847	0.0696446	-0.0496165	-0.222136	0.0239482	0.0954972	-0.0853744	0.0181875	-0.168266
-0.0104908	0.021711	-0.197433	-0.165992	-0.0596057	-0.129038	-0.0251098	-0.0991349	-0.220354	0.0295627
-0.139127	-0.208277	-0.139874	-0.136099	0.300555	-0.105465	0.125843	0.107662	-0.411401	-0.172059
-0.0650636	-0.10604	-0.197796	-0.21437	-0.0540678	-0.0281361	0.0371092	0.0973598	-0.0630203	-0.0724246
-0.112832	-0.0122946	-0.118652	-0.326503	0.0091606	-0.086099	0.143039	0.013581	0.031939	-0.0495505
-0.18792	-0.164554	0.0507477	-0.212461	0.145333	-0.111961	-0.0715156	0.136353	-0.0279513	-0.0690254
-0.15142	-0.247699	-0.164252	-0.0108888	0.410645	0.0415382	-0.0313762	0.0402633	0.100919	-0.0774479
-0.294179	0.0136637	-0.0908502	-0.213695	0.188442	0.0333365	0.0337638	0.143069	0.00604056	0.0195601
0.0202738	0.0462674	-0.0191106	-0.0968548	0.156416	-0.00902151	0.0541026	-0.0783136	-0.158883	0.154923
-0.165781	0.007951	0.00787123	0.0690924	0.0836663	-0.243195	0.153266	-0.0343537	-0.102961	-0.0617188
-0.275477	-0.0436046	0.443925	0.0520446	0.0379958	-0.154154	0.0709876	-0.320192	0.0147191	-0.00388124
0.0127399	0.0583916	0.348241	-0.195291	0.0886977	0.00663898	0.166595	-0.0746894	-0.0232363	-0.0175647
0.00546318	0.0214202	0.13039	-0.115405	0.0324724	0.0779563	0.0029038	-0.00322078	0.0116205	0.0452692
-0.038167	-0.0139367	0.0674036	-0.0772918	0.0519892	-0.00396642	0.0334045	-0.0143879	0.0556529	-0.00031731
0.0227107	0.00837538	0.0110739	0.000858333	-0.0239769	0.0131788	-0.00647906	0.0197716	-0.00404769	0.0249507
0.0122938	-0.00387744	-0.0274455	0.000909128	0.00296304	0.00498225	-0.0214639	0.000646243	0.00529875	0.0228129
-0.0685815	0.0458626	-0.0101719	0.0799392	-0.1241	0.0728126	-0.0752694	0.0347766	-0.0495911	-0.0624859
-0.0936461	-0.0808583	-0.0422264	-0.000238485	0.0696712	-0.0469264	-0.120738	0.25363	-0.00682969	0.0884231
-0.144833	0.192968	0.0246051	-0.0706724	0.00107657	0.0230374	-0.0249649	0.212757	-0.0765175	-0.0383108
-0.0201965	-0.00269496	0.0257215	-0.0695083	0.2781	-0.0854351	-0.0780333	0.24442	-0.269488	0.114372
0.0811683	0.200939	0.0576669	0.094483	-0.0573027	0.0270397	0.0349599	0.0491784	-0.275813	0.0773205
0.0684721	0.17378	-0.0164879	0.0357628	-0.0953143	-0.0102157	0.167323	0.0497558	0.0389918	0.0091321
0.0826283	-0.102356	0.0227345	0.0124926	-0.0653465	-0.219963	-0.102039	0.254406	-0.144712	-0.112485
-0.0507203	-0.0487781	0.134104	-0.124976	-0.230707	-0.249928	0.0354531	0.253126	0.160429	0.0409722
0.0999618	0.0792163	0.0897878	0.0425829	-0.169389	-0.224723	0.0306576	0.304501	-0.154657	0.261539
-0.329053	-0.127372	0.00632507	-0.0670301	-0.0985311	-0.295758	0.132331	-0.102107	-0.263413	-0.206962
0.138046	-0.257563	0.128355	-0.136929	-0.0525714	-0.247271	-0.110952	-0.180223	-0.210695	-0.140014
-0.292418	-0.074845	0.340934	-0.167866	0.144099	-0.266776	7.31936e-05	-0.235923	7.22799e-05	-0.0475341
-0.176256	-0.10001	0.114668	0.0283017	0.169963	-0.066517	-0.0935599	-0.143139	-0.125804	-0.200953
-0.30871	-0.200609	0.136768	-0.238931	-0.0590366	-0.387555	-0.0698565	-0.0335152	-0.0840647	-0.0815716
-0.290113	-0.111995	-0.14286	-0.213413	-0.169835	-0.167794	0.0652357	0.128728	0.058521	-0.00352175
-0.0145363	-0.0246499	0.0764941	-0.0739274	0.206917	-0.271244	0.00343947	-0.218755	-0.063681	0.0567802
-0.0279676	0.0149219	-0.0736777	0.0129082	0.1543	-0.172433	-0.00267198	0.191343	-0.0364517	0.0873297
0.0852288	-0.0622829	-0.029077	-0.0320076	-0.120289	-0.10775	0.0144098	-0.123602	0.101672	0.0684362
0.122018	0.283931	0.173392	-0.0202982	-0.172946	-0.0748873	-0.0183965	0.105547	0.0329855	-0.137425
-0.0141905	0.206077	0.0683882	0.0451065	-0.0109881	-0.0148663	0.0115836	0.0877624	0.0188602	0.179472
0.0780329	0.179171	0.0697511	0.0583932	-0.0959831	-0.311119	0.103553	0.0156234	-0.0231532	0.125385
-0.0861245	-0.131004	0.0786669	0.0369923	0.142056	-0.171586	0.177183	-0.0361927	0.0300796	0.104001
-0.0111207	-0.131325	0.369803	0.12253	0.0650245	-0.145454	0.0160906	-0.125985	-0.111026	-0.074886
0.0239734	0.0456134	0.314888	-0.0698786	0.126993	-0.100198	0.14315	0.00974734	0.00175205	0.0471625
-0.0298132	0.0270879	0.0657828	-0.0726985	0.0685282	-0.0335393	0.103253	0.0087256	0.00874432	0.0544725
-0.0240573	-0.025588	-0.00867596	0.0124791	-0.00517741	-0.0100911	-0.00863458	0.00819479	0.0177254	-0.00994189
-0.0021225	0.0177784	-0.00331662	-0.00165438	-0.0223986	-0.00980499	0.00432744	0.0128708	0.0185196	0.000564108
0.0173512	0.00871228	-0.0250003	0.0262366	-0.0139521	0.0109641	0.00155052	0.00950743	0.0176014	-0.0274786
-0.0780898	0.0987188	-0.0182393	0.0819032	-0.0778558	0.0356057	-0.0603472	-0.0196128	-0.030498	-0.0146381
-0.0617763	0.0696948	0.088316	-0.104808	0.130874	-0.144874	0.071772	0.106885	-0.0193728	0.0947543
-0.00330874	0.140967	-0.0722153	-0.0552923	0.354558	-0.257566	0.0399915	0.0663522	-0.190206	0.100709
0.296376	0.207082	0.160952	0.013454	0.286779	-0.311717	0.103502	-0.0223093	-0.612451	-0.153992
0.0312534	0.138624	0.190351	-0.0649859	0.00718351	-0.12233	-0.0596009	0.0774411	-0.178929	0.360357
-0.0552255	0.349686	0.0760508	-0.196877	0.0251009	-0.361201	0.0802418	0.0228611	-0.0598952	0.426127
0.0658642	0.188534	0.146389	0.00679714	0.0641511	-0.378659	-0.171606	0.0596397	-0.156941	0.327541
-0.017436	0.0641873	0.126575	0.0464352	0.0454118	-0.0890117	0.0253735	0.163863	-0.0675487	-0.0570179
0.0847601	0.114188	0.0173674	0.105098	-0.000952988	-0.29496	0.159193	0.381231	0.144951	-0.0112701
-0.0367085	0.0940406	0.229927	-0.1842	-0.0333398	-0.257779	0.0673019	0.215076	0.00182778	-0.106777
-0.0600025	0.199895	0.0150322	0.0628804	0.0101759	-0.267393	0.0326767	0.238223	0.105764	-0.270092
0.135453	0.3006	-0.12408	-0.148661	0.0644996	-0.164127	-0.181903	0.0357761	-0.180554	-0.0233012
-0.0112482	0.0549938	-0.0445639	-0.17974	-0.193541	-0.0146817	0.052664	0.0609142	0.120106	-0.144985
-0.196551	-0.0113667	-0.134242	0.0484251	0.195342	0.0236432	0.176142	-0.175482	-0.0412257	-0.00828155
-0.0979268	0.0614871	0.132971	0.0500997	0.0404942	0.0894421	0.12646	0.0926289	0.133296	-0.127665
-0.0443361	-0.0210086	-0.0454256	0.0834981	-0.121176	-0.0273278	0.00664659	0.171789	0.124816	-0.0605969
-0.09864	-0.111135	0.144368	0.274064	-0.0233832	-0.0997487	0.251666	-0.0239019	0.144176	0.0508973
0.131583	0.132264	0.289984	0.144183	0.0742639	0.110895	-0.0757408	0.106948	0.125263	0.224092
0.051481	0.0252778	0.0289605	0.159495	0.158893	-0.279102	0.243501	-0.0993098	0.0825968	0.295344
0.126021	0.325341	-0.0819166	0.158982	0.114207	-0.166358	0.0914413	-0.00408514	0.0738255	0.207947
-0.127509	0.184843	-0.0598455	0.145803	0.0388984	-0.20891	-0.0315696	0.217787	-0.0337979	0.0117808
-0.115053	0.0905562	0.11594	0.0478104	0.0395865	-0.154407	-0.101424	-0.0856659	-0.0575778	0.0759438
0.170832	-0.0593487	0.00299377	-0.0474905	-0.0199261	0.0412996	-0.00369956	-0.0504033	0.00328591	-0.0578089
0.133656	0.0253023	0.164566	0.00675974	0.0184738	-0.0316105	0.0610164	-0.014677	0.00719818	0.065598
-0.0305216	-0.00153643	0.00598251	-0.0224006	0.0136142	-0.0185942	0.0183075	-0.00174532	-0.0191416	0.00480418
-0.00622219	-0.00181824	0.0247843	-0.0223456	-0.0205138	-0.00200788	-0.00372722	-0.0149258	0.0218335	0.00452713
-0.0041686	-0.017558	0.0155413	0.0156506	0.0215017	-0.0198749	-0.0241272	-0.00707469	-0.025712	0.0224227
0.0113216	-0.0111127	-0.00105137	-0.0281935	0.000412831	0.0172188	-0.0018442	-0.00450437	-0.0236017	-0.0239728
-0.112175	0.0951351	0.0287304	-0.0588001	0.140801	-0.00443105	0.0265263	-0.0644256	-0.0218648	0.0912236
0.0230507	0.0617275	-0.021944	-0.0228625	0.0723455	-0.232073	-0.0142113	0.0385549	-0.0727992	0.140597
-0.0309579	0.0962891	0.0264809	0.15681	-0.0108708	-0.308067	0.0898733	0.338319	-0.114904	0.217336
-0.067786	-0.0876701	0.258783	-0.071095	-0.322988	-0.0285212	-0.071533	0.130333	0.0252611	-0.135798
0.151934	-0.0467033	0.0622871	0.0150855	-0.0847029	-0.342476	-0.139788	0.153866	-0.00105863	0.261189
0.115723	0.186551	-0.00783063	-0.0297406	-0.182606	-0.409149	-0.0189135	0.316656	0.0425587	0.253855
0.00812051	0.16326	0.000897723	0.101893	-0.13645	-0.0145533	-0.0294039	0.213471	0.0855625	-0.0016458
0.00455189	0.122363	0.0694497	0.234544	-0.0134747	-0.00555254	0.190628	0.0528257	0.10453	0.0414974
0.0621353	0.335304	-0.029613	-0.0432756	-0.0655965	-0.215384	-0.0763472	-0.0698826	0.101236	0.0282065
-0.0703012	0.335627	-0.0346076	0.192466	-0.154423	-0.0665271	0.000220026	0.0646628	-0.127074	0.146409
0.231202	0.381462	-0.0139179	0.0790123	-0.117275	0.0331589	0.15534	0.0679526	0.145465	0.0870952
-0.160194	0.25514	-0.0272149	0.221555	0.0374302	-0.134929	0.146923	0.130305	0.0240641	0.121805
-0.0956141	0.310711	0.0397213	0.0874257	-0.0653568	-0.064741	0.151679	0.08138	-0.0369622	0.132169
0.0347911	0.310103	-0.0283074	0.191229	-0.067552	-0.15976	-0.153968	0.0782449	0.147735	0.214409
0.125279	0.0252641	-0.00958178	-0.0414275	-0.0067067	-0.135517	-0.0120431	0.0451299	0.042703	0.0219712
-0.294796	-0.0428716	0.074189	0.158644	0.225533	-0.159673	0.0335701	-0.065192	0.00894084	0.0759578
0.0331288	0.15874	0.341932	0.0091624	-0.0148226	-0.191484	0.048768	0.186995	0.113494	-0.0275107
-0.0691788	0.0469069	0.184075	0.211519	0.105563	0.0198173	0.0932258	0.0300483	0.0594475	0.0740393
-0.0785644	0.106992	0.0608134	0.155063	-0.103984	-0.0956028	-0.213352	0.0727912	0.124851	0.00622946
-0.0463123	0.0127813	0.220578	0.167147	0.00850875	0.0895027	-0.208868	-0.0800118	0.121226	0.124519
0.0339087	0.232006	0.113513	0.209339	0.222078	-0.191623	0.192471	-0.0935363	-0.0831109	0.0110547
-0.166088	0.305841	0.198372	0.024721	0.125078	-0.19776	0.126047	-0.0223487	-0.0245823	0.031042
0.144917	0.0767912	0.101657	-0.00576472	-0.107854	-0.000749444	-0.0671675	-0.0460255	0.0845445	-0.0594055
0.046157	0.0808843	0.139599	-0.0229119	0.0658157	-0.0793389	0.00375495	-0.0286923	0.130721	0.0448252
0.00157157	-0.0142964	0.0398812	0.0268798	0.0433296	-0.0469307	0.032616	-0.0217686	0.0155776	-0.0531729
-0.0241082	-0.00579967	-0.00826136	0.0218062	0.0213547	-0.0255482	0.010638	0.017602	-0.0248783	-0.00683669
0.0147274	-0.00938624	0.0226517	0.0054777	-0.0156712	0.0187125	-0.00384684	-0.00747551	0.0119004	-0.00896744
0.00564007	0.0172267	0.0126753	-0.0169253	0.00407469	0.0170809	0.00731082	-0.00788519	-0.019429	0.00827556
-0.0708093	0.0862012	0.092255	-0.060783	0.0715001	-0.0278786	0.0667929	-0.0822298	0.0207353	0.0372303
0.0261814	0.0214676	0.107001	-0.170283	0.181206	-0.0970793	0.171491	-0.0757276	0.0449397	0.0936966
-0.0373631	0.00509969	0.133692	0.113357	-0.0261202	-0.136477	0.0223939	0.0807652	-0.00671695	0.127255
-0.0201156	0.0211419	0.424832	-0.157472	-0.20255	-0.240013	-0.0263191	0.0965421	0.343414	0.253788
0.152998	0.103964	0.0236265	-0.0407371	-0.204935	-0.188501	-0.127984	-0.129649	0.116295	0.187684
0.0487128	0.0396163	0.138423	0.0162783	0.0180393	-0.0191347	-0.114715	-0.162769	-0.0522926	0.266109
0.25638	0.314851	0.178131	0.0229009	0.0300028	0.118974	0.0773969	0.0296975	-0.0719051	0.124301
0.0235129	0.369383	0.0366449	-0.00981553	-0.153869	0.0184447	0.0809148	-0.0962646	-0.118571	0.35111
0.145516	0.0317783	-0.0257331	-0.0849686	-0.0691931	-0.0542521	0.164098	0.288139	0.00277406	0.0934584
-0.0344673	0.241197	-0.0687282	0.246603	0.0517952	0.111887	0.161008	0.124385	0.011979	0.184864
0.187076	0.208615	-0.160671	0.0862623	0.0732046	0.116695	0.0176462	0.0417378	-0.305708	0.105477
0.229536	0.121342	0.0287627	0.23059	0.119126	-0.203437	0.153806	-0.0496114	0.00658691	-0.00438516
0.129051	0.232275	0.0458998	0.0734298	-0.0866567	0.0442089	-0.0624441	0.0510861	0.0163028	0.202541
-0.113046	0.236638	-0.149586	0.135654	0.159146	-0.178008	-0.0904004	0.0687325	0.168465	-0.0917722
0.109694	0.134322	-0.116761	0.0145868	0.0106657	-0.0933054	-0.170876	-0.1418	0.0882679	-0.0139695
-0.139315	0.285718	-0.180755	-0.0142751	0.071317	-0.210677	-0.157962	-0.0296812	0.0704591	0.107723
-0.100598	0.187854	-0.0229345	0.173722	-0.132278	-0.0258025	-0.0196965	-0.117838	0.213222	0.149745
-0.178236	0.102998	0.115727	0.256242	0.177091	0.0358188	0.125068	0.110478	0.0183689	0.0294096
-0.180814	0.00687131	0.170472	-0.0346184	-0.0599259	0.0164503	0.162783	0.213073	0.187661	0.175265
-0.215397	0.173245	0.0987808	0.129671	-0.102888	0.0971489	0.156891	-0.0560665	0.151383	0.139023
0.162308	0.0375823	0.0858408	0.31739	-0.118108	0.0136064	-0.0234811	0.139288	-0.139797	0.266615
0.21447	0.280643	0.0739455	0.189136	-0.0479489	-0.0702288	-0.0032669	-0.014603	-0.106005	0.00114526
0.106028	0.0234078	0.0588956	0.00145701	0.033551	0.00269262	-0.0922019	-0.0874438	0.0350418	0.0196487
0.0341343	0.0822735	0.0452984	-0.0202763	-0.0284071	-0.094839	0.0660351	-0.114551	0.0990717	0.0128631
-0.0278242	0.00122211	-0.0181885	0.00499468	-0.0283247	0.00990185	-0.01534	0.00317539	-0.0177988	0.0087332
-0.0265305	0.0167868	-0.00468291	-0.00710977	-0.00476531	0.00441076	0.020595	-0.0158688	0.0264749	-0.0114607
0.0199366	0.0176246	0.00148897	-0.0184127	0.00620442	0.00337148	-0.00530446	0.0168806	0.0136957	0.0183193
0.00147338	0.0243228	0.00968175	-0.0058267	0.0121119	0.00235482	-0.0102659	0.0150774	-0.00322486	-0.0101018
0.00944424	-0.0215585	0.0112372	-0.0135025	0.0140485	-0.0405895	-0.00818578	0.0266643	-0.00470113	0.0244099
0.0152938	-0.0388863	0.00499137	-0.0110107	0.194112	-0.0464994	0.00645498	0.0534148	-0.0127586	0.0612182
-0.268741	0.0722348	-0.0304413	0.215713	0.23722	0.13106	-0.124928	0.248936	-0.131763	0.0740473
-0.0618698	0.199721	0.0826163	0.0831139	0.170134	-0.0971867	-0.229445	0.273936	0.106743	0.0692613
-0.0560392	0.318468	-0.0594228	-0.137179	0.00346453	-0.0966917	-0.202264	0.0371342	0.16019	-0.0174879
0.147257	0.13152	-0.170017	-0.277361	0.112971	-0.046869	0.00466362	0.0234227	-0.0132867	-0.0284642
0.147985	-0.0871714	-0.0679286	0.205956	-0.139961	-0.181897	0.0792677	0.193877	-0.0256449	0.0798955
-0.105066	0.167853	-0.0544859	-0.178888	0.0972336	-0.0451672	-0.0585516	0.0593616	0.0783717	0.0619997
0.133758	0.177178	-0.115466	0.117548	0.00158425	-0.0133002	-0.0748033	0.215735	-0.0657406	-0.0796435
0.250648	0.263163	0.0791601	0.121181	0.110504	0.0834949	0.032624	-0.000283796	-0.150229	0.262805
-0.0562776	0.146755	0.138874	0.0298171	-0.382905	-0.00676374	0.0640893	-0.00897602	0.104678	0.0765116
0.0393344	-0.0156756	-0.0324996	0.0647147	0.0928743	-0.000281298	0.0937852	0.0706174	0.0790308	0.231313
0.220064	0.335916	-0.030153	0.234852	-0.0379303	0.0197791	0.0694737	-0.0255186	-0.104223	-0.0280331
0.145781	0.159843	-0.0370416	0.0768301	0.101603	-0.207471	-0.0623637	-0.0189488	0.127595	0.138385
-0.0332825	0.138579	0.0225268	0.210578	-0.0682307	0.00134389	-0.0240644	0.0215429	0.0439138	0.143221
0.138914	0.240005	-0.27706	-0.0369695	-0.00345996	-0.0228622	0.0363637	0.0320231	0.092415	0.0304644
-0.159353	-0.0273512	-0.154411	0.0182108	0.00637507	0.238227	0.406847	0.168426	0.0900266	0.342147
0.0351908	0.308348	0.00880361	0.151742	-0.112402	0.0202308	0.366862	0.0224956	0.139204	0.158744
-0.119302	0.0575336	0.00794059	0.229468	-0.094372	0.136377	0.310349	0.120567	-0.0280972	0.155402
0.00220298	0.180567	0.0507076	0.0786975	0.124915	0.0396344	0.473422	0.0234568	-0.0480666	0.0692478
0.299997	0.209616	0.194968	0.126681	0.176512	-0.077635	0.329822	-0.148384	-0.172743	0.236741
0.238424	0.153852	-0.00285301	0.254943	0.122002	-0.0791715	0.0981451	-0.0981206	-0.0898167	0.133258
0.112662	0.0620705	0.0166442	-0.0275299	0.0307087	-0.0724885	-0.00304244	-0.0713483	0.017971	0.0340447
-0.0500561	0.0896932	0.0532297	0.025846	-0.000750886	-0.0588507	0.104013	-0.0913289	-0.00486986	0.0104813
-0.000132377	0.0297886	-0.00582371	-0.0246816	0.0092906	0.0189465	0.0157686	-0.0055751	0.0197263	-0.036882
-0.0136252	-0.0229843	0.0106112	0.0185537	-0.0131834	-0.00647451	0.0245028	6.93513e-05	0.0137125	-0.00603833
0.0123863	-0.00652485	-0.0243205	0.0212877	0.00333898	0.0187696	0.0240161	0.000932166	-0.00438706	-0.0110493
-0.0239906	-0.00466011	0.00350618	-0.0129747	0.0264524	-0.0242322	0.00908093	-0.0236183	0.00945069	0.0130267
-0.0116563	-0.00570127	0.00442982	0.0278337	0.0402171	0.00364155	-0.0107044	0.0230643	-0.0271657	0.0226286
-0.0610516	-0.00504577	-0.0516615	0.0726198	0.0902984	0.0128702	-0.0532965	0.098865	-0.0502826	0.0127265
0.0194901	0.0794394	-0.043052	-0.0493834	0.211089	0.0983895	-0.0986403	0.319872	-0.0380809	0.0738345
-0.0139554	0.230981	0.0117873	-0.138293	0.201675	0.224683	-0.303158	0.368651	0.108674	-0.177752
0.00690572	0.134029	-0.292431	-0.199113	0.254086	0.149086	-0.227451	0.233729	0.202762	0.10886
-0.0478685	0.223903	-0.0818762	-0.0741055	0.0272576	0.152429	-0.218388	0.269021	0.0730276	0.012334
-0.105865	-0.0162213	-0.00527153	-0.0241907	0.00706755	0.152217	-0.212316	0.0931838	-0.113911	0.0524491
-0.131616	-0.0230192	0.0434378	0.0970346	-0.0127191	-0.109407	-0.0409714	0.0110897	-0.130634	0.0170559
0.0371099	-0.119819	-0.0258751	0.126332	0.045814	-0.0375453	0.0625543	0.0649323	0.0681428	0.0714568
-0.191055	-0.0219656	0.00284406	0.125387	0.0953827	0.190428	0.0677037	0.0828984	0.0259708	0.239094
0.10587	0.237318	-0.0351436	0.223379	-0.0026593	-0.163351	0.172309	0.0268714	-0.148927	0.105008
-0.00394997	0.0730129	-0.0335923	0.300369	0.162329	0.114427	-0.228518	-0.0520553	-0.00663547	0.164714
-0.0937914	0.0983633	0.225723	0.141826	0.294375	0.00260637	0.130531	0.0408877	0.0930881	0.172965
0.0233526	0.229148	-0.038336	0.153399	-0.0584008	0.0792504	-0.00110043	-0.00706402	-0.033466	0.142977
0.195883	0.0231993	-0.133435	0.334682	0.0858857	0.0677191	0.218383	-0.0597938	-0.0173802	-0.0328725
0.00393529	0.276245	0.0939165	0.00646023	-0.0626927	-0.0971756	0.0748034	0.202406	0.0323609	0.00170663
-0.0310431	0.31863	-0.0135924	0.311784	0.0728168	0.0216784	0.0978022	-0.145992	0.0691875	0.24864
0.0859036	0.159664	-0.0845205	0.109052	-0.0960993	0.079599	0.0921824	-0.245702	0.200659	0.0839089
0.230144	-0.0563428	-0.0906598	0.127176	0.0063075	0.119769	0.124586	0.030612	0.0257324	0.0229296
0.060104	0.193498	-0.052234	-0.0983275	0.215664	0.0207894	0.291455	0.120789	-0.0191867	-0.0405505
0.179444	0.0364346	-0.0667949	0.123436	0.168457	0.0618415	0.197176	0.0457083	-0.119189	-0.171541
0.115373	0.00461316	-0.051316	0.169004	0.0224936	-0.0147864	0.0908867	0.0243423	-0.0239905	-0.0903689
0.0425434	0.0373335	0.0853875	0.0472237	0.0196919	-0.130856	0.114966	-0.0518912	-0.0139582	0.0169611
-0.0559862	0.0428122	0.0798984	-0.0290587	0.0140287	-0.0470199	0.122903	-0.00283792	0.0157527	-0.0511688
-0.0115106	-0.0208149	0.0144264	0.00508148	0.00125136	0.0100208	0.0271531	-0.000806502	0.0166816	-0.0139071
-0.0256535	0.000519386	0.0267099	0.0114854	-0.00787482	0.0240627	-0.00706902	0.0231649	0.0226977	-0.00135454
0.00863493	0.000326957	0.0132419	0.00216211	0.000206089	-0.0220395	0.00850139	-0.0169627	-0.0226976	0.0265051
-0.0139959	0.0103011	0.0218718	0.00477258	0.0245092	-0.00126605	0.0183978	-0.0221806	0.0176084	-0.0200981
-0.0228682	0.000794781	-0.0067756	0.0157057	0.00265846	0.01499	0.00434496	0.00809697	-0.0057345	-0.00605139
-0.0314237	0.0630874	0.0262922	0.0480764	-0.0682919	0.0487215	-0.0575563	0.0316294	-0.0200199	-0.046555
-0.083132	0.176767	0.0358635	-0.0654716	0.0775844	0.11614	-0.064942	0.147209	-0.0174083	-0.048803
0.0806457	0.162826	-0.0530547	-0.133943	0.0276659	0.215559	-0.127675	0.31369	-0.0202686	-0.0477985
0.032967	0.0119245	-0.0176895	-0.00115791	0.187465	0.0548901	0.0572382	0.326938	-0.0584216	0.157326
0.101725	0.0213805	0.0221587	-0.101896	0.192831	0.141971	0.0711212	0.401213	-0.138415	0.168077
0.224099	0.0776383	-0.0192454	-0.119423	0.0693356	0.0469049	-0.0831311	0.303838	-0.0435534	0.274001
0.0644627	0.254938	-0.0753608	-0.0544297	0.0412053	0.169075	-0.291995	0.233563	-0.0615326	0.219124
-0.100188	0.0304748	-0.136592	0.297225	0.358545	0.331263	-0.0231727	0.19457	-0.282417	0.234967
0.0607788	0.0483358	-0.232361	0.0759236	0.0707772	0.29959	-0.122291	0.16391	-0.299522	0.229808
0.0287352	0.19102	0.103367	-0.283655	0.12834	0.127041	-0.203295	0.176703	-0.348157	0.253632
0.0536483	0.148589	-0.292445	0.123311	0.175802	0.124448	-0.121636	0.122919	-0.10349	0.112348
0.112907	0.0924313	-0.189322	0.101757	0.0944167	0.384267	0.0178628	0.0457557	-0.0704148	0.264001
0.0375046	0.242446	0.0790024	0.231888	0.0826148	0.363878	0.0254235	-0.00934953	-0.163428	0.320462
0.119156	0.152454	0.0919015	0.0616595	0.105988	0.319167	-0.131246	0.0622162	-0.234111	0.310127
0.164633	0.200827	-0.191278	0.262289	0.124114	0.127836	-0.0994446	-0.0768109	-0.182293	0.204361
0.228842	0.252404	-0.278775	0.123499	0.147674	0.250254	-0.16095	-0.0754221	-0.160303	0.0893759
0.345035	0.107369	-0.468434	0.24464	0.17931	-0.0240213	-0.195793	-0.0537498	-0.212684	0.278071
0.296116	-0.187163	-0.305745	0.0792447	-0.0613456	0.201051	-0.153294	-0.129945	-0.0790568	0.119742
0.368794	-0.0709429	-0.315378	0.159176	-0.177913	0.158673	-0.172817	0.148491	-0.069379	0.0184544
0.121907	-0.044266	-0.142576	0.158154	-0.0893738	0.0738398	-0.129328	0.0858314	-0.0495828	-0.0768503
-0.0484127	-0.0533494	-0.0433442	0.182362	0.00982681	0.00987183	-0.0957877	0.0488038	-0.0226557	-0.0521863
-0.0583767	0.0257283	0.00624038	0.0618067	0.0212619	-0.0387867	-0.0524366	0.025592	-0.0257474	-0.0167927
0.00491873	-0.0110121	0.00991415	-0.00396157	0.0168381	-0.00191264	-0.0186969	0.00592891	0.00801087	0.0011271
0.0186498	0.0153944	-0.0239568	0.0016022	0.0175185	-0.0144309	0.0182824	0.0196652	0.00436876	0.0218775
-0.000621314	-0.00468465	0.0254992	0.026784	-0.014798	-0.0200048	-0.0170283	0.0088146	0.00460293	-0.025469
-0.0209676	-0.024573	0.000374092	-0.017642	0.0160459	0.000639697	0.0117743	0.0072183	0.000989827	-0.00801625
0.00259247	0.00640433	-0.0133407	0.0269228	0.0256287	-0.0123478	0.0252168	-0.0068793	-0.0237503	0.0249128
0.00421827	0.0111711	-0.00697442	-0.0202543	-0.00907377	-0.0141706	-0.0170981	-0.0273186	0.0258781	0.012533
0.011568	0.00432644	0.0129776	0.0194944	0.0142869	-0.0181823	0.00285528	-0.00477523	0.0238691	0.0238476
0.00538833	0.016525	0.00866595	0.0031105	-0.00936016	-0.00438804	-0.00906629	0.00439882	-0.0199992	0.00904131
0.194265	-0.0396827	-0.0914384	0.0197436	-0.0516777	-0.0608237	0.010849	0.098587	0.00611796	0.0190357
0.257797	-0.098303	-0.0869825	-0.0106583	-0.105209	0.02082	0.0236469	0.173667	0.0128816	0.00132183
0.158381	0.0421152	0.038342	-0.148175	-0.00745531	0.110524	-0.07248	0.0945943	-0.0236799	0.0370092
0.230715	0.0740086	-0.0313348	-0.11172	-0.046826	0.127757	-0.105359	0.00508068	-0.0417474	0.0604031
0.298121	0.0638859	-0.0680396	-0.142736	-0.045104	0.208981	-0.161567	0.00245175	-0.0828294	0.168533
0.396015	0.125908	0.00549324	-0.136985	0.0555539	0.131172	-0.163585	0.160372	-0.11635	0.206018
0.323336	0.0655799	-0.0708124	0.0576909	0.0415042	0.0684631	-0.213112	0.176391	-0.0933492	0.16692
0.368577	0.101093	-0.0830895	0.157465	0.0490762	0.115976	-0.227142	0.0536757	-0.207607	0.111199
0.404741	0.183289	0.0124623	0.0523422	0.0889426	0.250053	-0.334742	0.0432481	-0.266476	0.231575
0.654343	0.172605	0.0680416	-0.0640295	0.000401963	0.223068	-0.225878	0.203386	-0.221452	0.31306
0.311313	0.284402	-0.0310565	-0.0775282	0.016277	0.165745	-0.270384	0.271687	-0.0683034	0.130608
0.324345	0.17686	-0.0506837	0.0290651	0.0610149	0.0685103	-0.262709	0.18612	-0.103724	0.0886808
0.43457	0.00388886	-0.125504	-0.0229151	0.035573	0.085591	-0.17895	0.0945759	-0.0412468	0.215739
0.334919	0.0902171	-0.122057	-0.0118749	0.0571759	0.12709	-0.11487	0.101889	-0.109133	0.152898
0.139435	0.272572	0.00596985	-0.0577727	0.0706762	0.0291442	-0.179288	0.0454198	-0.092026	0.0802963
0.247884	0.108844	-0.0475832	-0.0441292	-0.0472521	0.0621545	-0.128177	0.0813931	-0.0818566	0.0581545
0.240478	0.121165	-0.122595	-0.059945	-0.0515497	0.0620932	-0.0887478	0.145186	-0.0610098	0.102824
0.121239	0.0599181	-0.0415785	-0.125502	-0.0247213	0.0815184	-0.0781403	0.0938726	-0.0132402	0.0431992
0.0385761	-0.0169149	0.0261261	0.00928844	-0.00561783	-0.021766	0.015515	0.00746739	0.0151995	0.0234083
-0.00787791	-0.00174974	0.00987643	0.00130943	-0.00582093	0.0134412	0.0129019	-0.0268428	-0.0179783	-0.0142311
0.00268778	-0.0102481	0.0182291	0.000698765	0.0096304	0.0129182	0.000134339	-0.00555788	0.0186463	0.00635538
0.0226668	-0.0124855	-0.0146079	-0.00951671	-0.0033048	0.00803062	-0.00550978	-0.0266248	0.0164073	0.0116362
0.0215605	-0.013439	-0.0239746	-0.0188942	0.000656545	-0.0052523	0.00800167	-0.026915	0.00366154	-0.0145067
-0.00532054	-0.00583976	0.0251976	-0.00108405	0.0117009	0.0245093	-0.0273084	0.0212031	-0.0120073	-0.0226909
-0.0265603	-0.0134169	-0.00316659	-0.0196147	0.0213554	0.00659301	-0.00824938	0.0145856	0.0148537	-0.0264281
-0.0146663	-0.0137618	-0.0153633	-0.0114924	-0.0272242	-0.0250698	0.0122991	0.0248229	0.0243187	-0.00473747
-0.0205536	8.54976e-05	-7.24043e-05	0.0118884	0.0123341	-0.0204519	1.35224e-05	0.00266001	-0.0214912	-0.0146517
-0.00996674	0.0146603	-0.0106319	-0.021568	-0.0213369	-0.00575394	-0.0104945	0.0013888	-0.00809692	0.0141801
-0.0178103	-0.00273308	0.00582284	-0.0254366	0.0133104	-0.0134649	-0.0305787	0.0144915	0.0142074	-0.0216426
-0.00981848	-0.00324957	0.0215942	0.0105634	-0.0263113	0.0106202	-0.0260736	-0.00330207	-0.0208354	0.00885306
0.0962536	-0.01582	-0.0134292	-0.0373808	-0.0127545	0.0173279	-0.00132428	0.00373631	0.00298039	0.0409775
0.0520194	0.0246328	0.00599891	-0.0262811	-0.052251	0.0176517	-0.0164355	-0.0221421	-0.0228852	0.0324033
0.0186737	0.00411259	-0.0218577	-0.00947732	-0.0149444	0.027736	-0.0043765	0.00554316	0.0181922	-0.00435481
0.048904	0.0311484	0.0198979	-0.0277029	-0.0380188	0.0131588	-0.0286164	0.0144772	-0.0173475	0.0349799
0.0590839	0.00637489	0.00155798	-0.0181875	0.0111288	0.0243738	-0.0189006	0.0182577	0.00235506	0.00276113
0.138751	0.00126736	0.00488374	0.0188208	-0.0330854	0.0149464	-0.0273127	0.0329355	0.000532276	0.0760697
0.0650631	0.0453849	-0.0113503	-0.0190523	-0.00124123	0.0468727	-0.0381537	0.012476	-0.00817393	0.0488448
0.107149	0.0333122	-0.0116073	-0.0461053	-0.0261787	0.0322902	0.00714599	0.0529922	-0.0122845	0.0942423
0.131853	-0.0339352	0.0235758	-0.0150761	-0.00385664	0.0323978	-0.010866	0.068135	0.00680138	0.0366892
0.0314771	-0.0116921	0.0307551	-0.0431886	0.0136566	0.0341857	-0.0481714	0.0248188	0.0219704	0.0130751
0.0244139	-0.00684499	-0.00908955	-0.0659303	-0.00591388	0.039931	-0.00343725	-0.0200475	-0.00980019	-0.00560406
0.0559146	-0.0331376	-0.007098	-0.0356059	0.00474502	0.0985225	-0.00796249	-0.0344643	-0.0021978	0.00533314
0.00976433	0.0212529	-0.0250908	-0.0170446	0.000121427	0.0653649	-0.00051622	-0.0565572	-0.0169525	0.0129071
0.00195079	0.0341991	-0.0169052	-0.0487504	0.0261957	0.0573655	-0.0148449	-0.0393405	-0.0061835	-0.0124421
-0.0148773	0.0366758	-0.0390644	-0.0796782	-0.0186853	0.0405436	-0.0663459	-0.00741359	-0.0101262	0.0390374
0.00154852	0.0267052	-0.0897874	-0.102624	0.00123425	0.0873671	-0.0312299	-0.0118548	-0.0155698	0.0586635
-0.0143415	0.0291019	0.0207292	-0.0342807	-0.0152741	0.0264427	0.00196002	0.00980163	0.0224638	-0.0208184
-0.0144762	-0.0196659	-0.00680215	0.015569	0.0246218	0.0104796	-0.0088896	-0.00831851	0.0126515	0.0184182
0.00996869	0.0174457	0.00863387	-0.0251379	0.0129453	-0.0139076	-0.0162439	0.0167063	0.0264383	0.00421083
0.0126716	0.00160602	0.0163715	0.00261895	-0.000973464	-0.0168844	-0.0265749	0.0122322	0.0273644	0.00713683
0.0261586	0.00241941	0.010984	0.0135362	-0.00395717	0.00694821	-0.014321	0.0130783	-0.0020423	0.0247278
### size: 10 ###
0.437026	0.4314	0.421441	1.63719	-0.170765	1.37125	1.06346	-0.0161358	0.865428	0.132202

### size: 10, 10 ###
1.86283	-0.293493	-0.426889	0.0923328	-1.53365	-0.756509	-0.088692	-0.241989	0.153214	1.23293
1.10284	-0.0953188	1.46835	-0.529498	-0.871271	0.545436	0.855781	0.549624	-1.24012	-1.78585
-1.22697	1.1179	1.994	0.728608	-0.97764	0.352321	-0.653237	1.76247	-1.17998	-1.91737
0.0670482	-0.487684	-1.2649	-0.285312	0.368686	1.74035	0.572214	-1.5057	1.27025	-0.4749
-0.198882	-0.927599	2.13882	1.98086	-0.433191	-0.61936	-1.86549	1.24083	-0.26876	-1.0472
-0.987974	-0.709993	-0.308963	0.146112	1.34633	-0.0645732	-2.14403	2.00041	-0.448926	1.17169
0.476854	-0.152892	1.05717	-0.559008	0.452067	-1.2377	1.83619	-1.45582	-0.149914	-0.266916
-1.43245	1.08543	-1.01895	1.84405	-0.22053	1.73769	-0.847231	-1.1147	-1.25613	1.22268
-1.81403	1.88734	0.560188	-0.10505	0.539852	-2.1372	0.0778683	0.373505	-0.0207429	0.638407
-1.00017	0.2967	0.664371	1.23134	-1.60202	-0.361874	-1.21025	0.210425	1.51384	0.257623
### size: 10 ###
0.68095	0.185702	-1.32453	-0.331373	-0.339622	2.19482	0.162126	1.45881	-1.98659	-0.700254
