97.280000 97.360000
98.090000 98.060000
96.840000 96.580000
98.190000 98.210000
55.850000 55.790000
50.940000 50.560000
77.350000 77.230000
97.580000 97.430000
42.010000 41.710000
98.030000 97.910000
47.530000 48.040000
55.370000 55.680000
96.850000 96.820000
96.930000 96.860000
95.420000 95.890000
97.510000 97.620000
97.170000 96.660000
97.740000 97.900000
96.990000 97.520000
97.260000 97.550000
28.880000 28.360000
95.570000 95.410000
96.650000 96.850000
97.560000 98.060000
20.630000 20.750000
35.880000 35.860000
98.120000 98.250000
97.830000 97.730000
98.200000 97.880000
98.090000 98.010000
97.940000 97.670000
98.210000 98.110000
39.660000 39.420000
97.890000 97.550000
97.870000 97.640000
36.230000 35.770000
96.670000 97.040000
98.190000 98.320000
40.960000 41.650000
35.110000 35.560000
18.750000 18.210000
32.140000 32.550000
97.220000 97.290000
33.090000 33.330000
22.820000 23.090000
31.560000 31.790000
97.090000 97.140000
97.850000 97.870000
98.210000 97.980000
43.250000 44.020000
39.100000 40.450000
32.460000 32.890000
15.800000 15.500000
96.410000 96.650000
30.540000 30.700000
97.360000 97.500000
32.580000 33.740000
97.740000 97.790000
95.110000 94.880000
14.800000 15.280000
96.270000 96.160000
97.530000 97.750000
22.070000 21.680000
14.770000 14.700000
97.900000 98.050000
21.550000 21.100000
96.960000 97.210000
22.480000 22.410000
16.010000 16.130000
95.800000 95.910000
16.470000 16.190000
97.470000 97.450000
98.030000 98.050000
97.230000 97.370000
98.330000 98.110000
97.840000 98.030000
17.970000 18.410000
29.580000 29.670000
98.250000 98.270000
18.410000 18.310000
8.260000 8.630000
20.430000 19.220000
9.690000 9.790000
97.890000 97.740000
97.470000 97.840000
26.250000 25.190000
97.030000 97.210000
13.360000 12.640000
97.480000 97.840000
