98.280000 98.070000
98.580000 98.470000
98.030000 97.910000
98.420000 97.980000
98.380000 98.190000
98.590000 98.840000
98.690000 98.260000
98.370000 98.250000
98.570000 98.480000
98.890000 98.780000
98.810000 98.790000
98.480000 98.220000
98.110000 98.030000
96.210000 95.840000
98.530000 98.350000
97.830000 97.630000
98.730000 98.490000
97.980000 97.940000
98.540000 98.360000
98.320000 98.130000
95.550000 95.570000
98.400000 98.310000
98.550000 98.270000
98.490000 98.540000
98.200000 98.160000
98.150000 97.880000
98.620000 98.390000
98.490000 98.070000
98.640000 98.370000
98.440000 98.100000
98.260000 98.110000
96.730000 96.370000
98.710000 98.450000
96.620000 96.630000
98.350000 98.080000
98.280000 98.080000
98.160000 97.950000
98.850000 98.590000
98.040000 97.760000
98.000000 97.850000
98.220000 98.320000
98.410000 98.140000
98.500000 98.370000
98.470000 98.130000
98.360000 98.320000
98.150000 98.060000
97.780000 97.530000
98.360000 98.500000
98.280000 98.210000
98.290000 98.160000
98.240000 98.000000
98.550000 98.510000
98.280000 98.310000
98.670000 98.460000
98.080000 97.510000
95.950000 96.040000
97.750000 97.650000
98.370000 98.210000
98.140000 97.890000
98.620000 98.250000
97.900000 97.950000
0.340000 0.390000
98.550000 98.490000
96.440000 96.420000
98.430000 98.260000
98.510000 98.180000
98.230000 97.970000
96.990000 96.970000
97.640000 97.600000
98.440000 98.060000
98.330000 97.940000
98.700000 98.640000
98.060000 97.820000
98.190000 98.350000
98.710000 98.700000
98.240000 97.940000
0.810000 0.960000
95.770000 95.620000
98.390000 98.200000
98.210000 98.240000
98.490000 98.240000
96.800000 96.790000
97.950000 97.790000
97.830000 97.800000
97.970000 97.540000
94.130000 94.350000
98.180000 97.770000
97.940000 97.820000
95.530000 95.390000
97.430000 97.690000
98.410000 98.490000
98.390000 98.340000
98.310000 98.220000
97.420000 97.090000
98.410000 98.140000
98.240000 98.060000
98.210000 97.880000
98.500000 98.040000
98.240000 98.150000
98.340000 98.080000
98.090000 97.820000
98.280000 97.990000
98.500000 98.220000
98.410000 98.220000
98.100000 98.080000
98.440000 98.360000
98.140000 97.920000
98.230000 98.020000
98.210000 98.110000
98.430000 98.090000
98.640000 98.430000
98.340000 98.150000
98.350000 98.170000
98.020000 97.670000
98.470000 98.320000
96.040000 96.230000
98.600000 98.600000
98.450000 98.400000
98.200000 98.160000
98.160000 98.110000
98.170000 98.130000
97.040000 97.230000
98.440000 98.330000
94.900000 94.490000
98.290000 98.220000
98.480000 98.220000
95.870000 95.850000
98.350000 98.250000
98.170000 98.240000
98.350000 98.040000
98.400000 98.420000
98.510000 98.460000
98.140000 98.060000
98.290000 98.160000
98.010000 97.880000
98.430000 98.380000
98.200000 98.290000
98.010000 98.050000
97.910000 97.690000
98.190000 97.820000
98.120000 98.090000
98.410000 98.520000
98.520000 98.330000
98.220000 98.020000
98.400000 98.360000
98.290000 98.150000
95.750000 95.720000
98.200000 97.920000
97.890000 98.000000
97.960000 97.900000
98.340000 98.400000
93.970000 93.830000
98.200000 98.090000
98.770000 98.530000
98.050000 97.980000
93.920000 93.850000
97.900000 97.560000
98.640000 98.460000
98.640000 98.210000
97.880000 97.780000
98.250000 98.100000
98.410000 98.270000
98.350000 98.340000
98.250000 98.420000
98.400000 98.380000
98.510000 98.220000
97.930000 97.820000
0.170000 0.220000
97.950000 97.850000
97.980000 97.930000
97.890000 97.940000
98.080000 97.760000
98.540000 98.220000
98.250000 98.320000
98.250000 98.240000
98.380000 98.330000
97.950000 97.990000
97.860000 97.790000
98.390000 98.340000
98.110000 98.170000
98.680000 98.690000
98.150000 97.950000
98.190000 98.200000
98.690000 98.680000
98.280000 98.260000
98.270000 98.100000
98.310000 98.250000
97.140000 97.180000
98.160000 98.310000
97.940000 97.790000
98.330000 98.110000
97.520000 97.720000
0.810000 0.720000
98.440000 98.200000
98.090000 97.900000
97.700000 97.610000
98.420000 98.370000
98.370000 98.530000
97.870000 97.860000
98.260000 98.170000
97.800000 97.860000
98.150000 98.150000
98.130000 97.910000
95.390000 95.330000
98.570000 98.380000
98.000000 97.980000
97.900000 97.930000
98.190000 97.990000
98.110000 98.160000
97.540000 97.450000
98.110000 98.180000
98.360000 98.280000
95.420000 95.240000
98.460000 98.510000
98.100000 98.370000
98.070000 98.100000
97.930000 97.910000
98.370000 98.190000
98.010000 98.060000
98.180000 98.200000
98.240000 98.360000
98.060000 98.070000
96.680000 96.870000
97.390000 97.450000
98.060000 98.180000
98.250000 98.320000
2.650000 2.680000
98.460000 98.440000
98.330000 98.230000
98.120000 98.050000
98.260000 98.350000
98.360000 98.180000
96.250000 95.940000
97.990000 97.980000
98.450000 98.320000
98.210000 98.010000
97.660000 97.620000
97.500000 97.670000
98.210000 98.180000
97.800000 97.590000
98.360000 98.360000
95.860000 95.830000
98.520000 98.390000
97.570000 97.520000
98.100000 98.130000
98.290000 98.240000
98.060000 98.110000
98.240000 98.210000
98.230000 98.260000
98.190000 98.280000
98.040000 97.800000
98.100000 98.190000
98.520000 98.310000
98.390000 98.390000
97.830000 97.760000
97.020000 97.090000
98.260000 98.250000
0.370000 0.490000
98.180000 98.110000
98.160000 98.130000
96.180000 96.310000
98.300000 98.160000
98.100000 98.140000
97.870000 98.060000
96.410000 96.670000
98.430000 98.450000
93.880000 94.230000
98.110000 98.140000
97.400000 97.580000
98.420000 98.450000
98.240000 98.190000
98.320000 98.410000
98.130000 98.140000
98.080000 97.880000
98.350000 98.320000
98.520000 98.270000
98.210000 98.120000
95.680000 95.590000
98.000000 98.080000
98.080000 98.100000
98.180000 98.220000
98.110000 97.900000
97.850000 97.930000
98.100000 97.840000
95.660000 95.370000
98.640000 98.440000
93.780000 94.220000
98.180000 98.200000
98.150000 97.990000
98.460000 98.240000
98.210000 98.270000
97.200000 97.250000
95.510000 95.400000
97.870000 97.780000
98.180000 98.240000
95.660000 95.720000
97.980000 97.850000
95.730000 95.710000
98.450000 98.300000
95.400000 95.260000
97.700000 97.870000
97.980000 97.890000
98.590000 98.620000
96.090000 96.220000
97.060000 97.420000
97.590000 97.610000
98.130000 98.100000
98.210000 98.160000
98.090000 98.210000
95.180000 95.200000
98.510000 98.530000
97.840000 97.920000
97.970000 97.760000
97.920000 97.980000
98.260000 98.120000
97.900000 98.020000
0.380000 0.380000
97.920000 97.960000
98.100000 98.040000
95.540000 95.560000
97.280000 97.520000
98.170000 98.120000
98.090000 97.980000
96.410000 96.120000
97.770000 97.740000
98.180000 97.650000
96.290000 96.430000
98.300000 98.240000
98.350000 98.090000
98.290000 98.250000
97.980000 97.970000
98.070000 98.070000
97.980000 97.950000
98.300000 98.010000
98.190000 98.100000
98.140000 97.970000
98.390000 98.150000
98.280000 98.150000
98.140000 98.300000
98.080000 98.040000
97.880000 97.730000
98.060000 97.750000
98.350000 98.150000
96.600000 96.500000
98.360000 98.150000
97.870000 97.860000
97.460000 97.850000
96.390000 96.470000
98.380000 98.500000
1.800000 1.880000
97.710000 97.860000
95.750000 95.790000
98.340000 98.200000
97.980000 98.010000
97.880000 97.840000
98.010000 97.980000
97.790000 97.800000
98.240000 98.030000
96.760000 96.830000
96.290000 96.310000
98.290000 97.970000
97.960000 98.080000
98.260000 98.230000
97.990000 97.940000
97.820000 97.800000
97.930000 98.180000
97.470000 97.440000
98.150000 97.910000
96.850000 97.020000
97.950000 98.090000
98.370000 98.260000
98.150000 98.100000
98.390000 98.220000
97.480000 97.510000
95.940000 96.310000
98.060000 98.100000
98.060000 98.170000
96.900000 97.010000
98.940000 98.940000
98.050000 98.080000
95.050000 94.950000
98.360000 98.380000
98.010000 97.900000
96.160000 96.340000
98.030000 97.770000
98.160000 98.080000
97.960000 97.790000
97.400000 97.460000
97.750000 97.760000
98.370000 98.180000
97.680000 97.710000
98.510000 98.590000
98.150000 98.250000
98.090000 98.160000
97.890000 97.640000
95.030000 94.900000
95.590000 95.640000
98.240000 98.120000
98.520000 98.520000
97.530000 97.800000
96.470000 96.920000
98.620000 98.410000
97.870000 97.860000
97.960000 97.800000
98.110000 98.140000
95.770000 95.620000
95.920000 96.070000
98.030000 97.790000
97.980000 97.860000
98.510000 98.280000
96.290000 96.590000
98.440000 98.480000
98.630000 98.600000
97.870000 98.030000
98.130000 98.140000
97.950000 97.760000
98.680000 98.510000
95.900000 95.970000
97.010000 97.000000
98.440000 98.220000
0.000000 0.000000
98.440000 98.340000
97.540000 97.670000
94.400000 94.520000
98.290000 97.990000
98.320000 98.260000
97.960000 97.740000
98.680000 98.570000
98.080000 98.140000
98.080000 98.260000
98.200000 98.260000
1.930000 1.840000
94.400000 94.500000
95.650000 95.180000
98.200000 98.120000
98.290000 98.270000
97.950000 97.990000
98.410000 98.330000
98.100000 97.800000
96.630000 96.790000
96.780000 97.240000
98.290000 98.210000
96.610000 96.650000
97.810000 97.880000
98.020000 97.950000
98.580000 98.480000
96.720000 97.120000
98.420000 98.400000
95.780000 95.670000
97.940000 97.940000
98.130000 98.080000
98.170000 98.200000
97.580000 97.820000
2.170000 2.100000
98.470000 98.260000
98.590000 98.550000
96.740000 96.920000
98.440000 98.360000
97.400000 97.730000
98.200000 98.040000
98.350000 98.450000
98.370000 98.070000
97.000000 96.960000
98.610000 98.560000
97.660000 97.660000
97.800000 98.060000
96.150000 96.220000
97.990000 98.120000
98.490000 98.500000
97.930000 97.690000
98.080000 98.000000
98.140000 97.940000
96.610000 96.620000
97.940000 97.610000
98.540000 98.350000
97.920000 97.810000
96.510000 96.670000
98.280000 98.030000
98.360000 98.130000
98.200000 98.260000
97.840000 97.730000
95.310000 95.120000
1.480000 1.450000
98.280000 98.040000
93.860000 94.010000
98.130000 98.260000
96.650000 96.790000
98.300000 98.130000
96.210000 96.530000
96.370000 96.510000
96.680000 96.780000
98.130000 97.730000
98.200000 98.380000
96.570000 96.980000
98.340000 98.280000
98.130000 98.060000
96.580000 96.780000
98.270000 98.150000
98.170000 98.230000
98.270000 98.170000
97.530000 97.660000
98.370000 98.250000
98.680000 98.650000
96.870000 96.980000
96.220000 96.620000
98.270000 98.250000
98.760000 98.410000
98.670000 98.660000
96.860000 96.800000
99.010000 98.790000
97.750000 97.560000
98.370000 97.970000
98.280000 98.430000
98.440000 98.480000
98.760000 98.870000
97.290000 97.280000
95.790000 96.080000
96.260000 96.440000
97.220000 97.570000
95.980000 95.900000
