92.790000 92.760000
96.430000 96.660000
0.000000 0.000000
92.270000 92.410000
0.000000 0.000000
94.890000 95.370000
88.490000 88.620000
91.710000 91.930000
95.190000 95.390000
90.200000 90.500000
94.870000 94.620000
92.450000 92.500000
90.010000 89.910000
92.180000 91.960000
0.000000 0.000000
90.890000 90.940000
91.340000 91.960000
90.150000 90.140000
89.190000 88.430000
89.170000 89.480000
90.070000 89.630000
75.100000 74.920000
0.000000 0.000000
86.040000 86.830000
94.570000 94.790000
84.330000 83.930000
88.360000 88.440000
91.990000 92.230000
90.180000 90.230000
91.020000 90.840000
92.620000 93.330000
86.860000 86.980000
79.130000 79.410000
89.610000 89.970000
0.000000 0.000000
83.460000 83.810000
86.990000 86.220000
86.200000 87.120000
92.230000 92.420000
89.030000 89.830000
67.720000 68.120000
82.390000 82.970000
91.040000 90.790000
73.770000 73.460000
89.980000 90.210000
85.910000 86.470000
0.000000 0.000000
59.640000 60.020000
79.230000 80.070000
84.080000 84.440000
79.070000 79.020000
67.100000 68.500000
76.190000 76.280000
80.800000 81.720000
73.330000 73.750000
63.900000 64.800000
80.280000 80.010000
74.720000 74.550000
84.240000 84.440000
83.800000 84.350000
66.570000 66.710000
64.690000 64.490000
93.650000 93.690000
82.110000 81.950000
79.260000 79.490000
77.430000 78.700000
0.000000 0.000000
73.240000 74.120000
81.770000 82.480000
59.210000 58.190000
75.180000 76.220000
56.680000 56.900000
75.260000 74.860000
71.930000 72.560000
70.980000 72.020000
74.410000 74.730000
85.160000 85.460000
53.800000 54.440000
49.410000 48.870000
68.840000 69.390000
48.390000 49.980000
65.590000 66.770000
75.120000 75.150000
60.450000 59.950000
51.520000 51.970000
48.380000 49.260000
49.890000 49.720000
78.170000 78.730000
53.010000 53.170000
44.610000 44.750000
51.020000 51.670000
60.640000 60.760000
40.650000 40.540000
57.560000 57.500000
58.770000 58.310000
44.830000 45.360000
54.830000 54.960000
65.620000 65.960000
45.740000 45.370000
61.650000 61.860000
15.270000 15.130000
30.670000 30.760000
55.970000 55.710000
72.320000 72.170000
46.230000 47.080000
41.990000 42.580000
39.550000 39.980000
58.010000 59.050000
55.680000 56.190000
24.010000 23.870000
69.020000 69.650000
44.700000 45.740000
40.470000 40.580000
18.030000 18.420000
24.980000 25.580000
11.350000 11.650000
28.910000 28.900000
18.440000 19.210000
32.030000 31.630000
11.750000 11.290000
17.130000 16.900000
6.850000 6.920000
5.240000 5.630000
16.110000 16.560000
4.180000 4.400000
7.750000 7.810000
0.000000 0.000000
7.550000 8.460000
10.310000 10.510000
44.260000 44.360000
48.980000 49.940000
0.910000 1.020000
31.760000 32.300000
5.500000 6.510000
41.070000 41.200000
23.540000 23.870000
4.170000 4.700000
17.960000 18.200000
0.680000 0.760000
1.330000 1.100000
0.000000 0.000000
0.310000 0.310000
2.860000 3.040000
0.410000 0.370000
0.210000 0.180000
34.590000 35.290000
0.000000 0.000000
37.170000 38.560000
0.130000 0.130000
0.270000 0.210000
0.560000 0.520000
0.290000 0.410000
0.000000 0.000000
0.000000 0.000000
2.770000 2.900000
0.260000 0.370000
1.240000 1.230000
0.000000 0.000000
44.240000 43.880000
2.120000 2.150000
0.000000 0.000000
0.150000 0.190000
0.000000 0.000000
0.000000 0.000000
0.370000 0.420000
0.000000 0.000000
0.000000 0.000000
0.000000 0.000000
0.000000 0.000000
5.280000 5.050000
0.000000 0.000000
0.000000 0.000000
0.000000 0.000000
0.000000 0.000000
0.210000 0.180000
0.000000 0.000000
0.000000 0.000000
0.000000 0.000000
0.000000 0.000000
0.000000 0.000000
0.390000 0.390000
0.150000 0.190000
0.000000 0.000000
0.210000 0.230000
0.370000 0.410000
0.000000 0.000000
0.000000 0.000000
0.000000 0.000000
0.000000 0.000000
0.000000 0.000000
0.000000 0.000000
0.000000 0.000000
0.150000 0.190000
0.000000 0.000000
0.000000 0.000000
0.000000 0.000000
0.000000 0.000000
0.000000 0.000000
0.000000 0.000000
0.000000 0.000000
0.000000 0.000000
0.000000 0.000000
0.000000 0.000000
0.410000 0.420000
0.000000 0.000000
0.000000 0.000000
0.000000 0.000000
0.110000 0.120000
0.000000 0.000000
0.000000 0.000000
0.190000 0.180000
0.060000 0.090000
0.150000 0.250000
0.000000 0.000000
0.000000 0.000000
0.000000 0.000000
0.000000 0.000000
0.000000 0.000000
0.000000 0.000000
0.000000 0.000000
0.000000 0.000000
0.140000 0.220000
0.000000 0.000000
0.000000 0.000000
0.000000 0.000000
0.190000 0.190000
0.410000 0.420000
0.270000 0.350000
0.000000 0.000000
0.000000 0.000000
0.000000 0.000000
0.000000 0.000000
0.000000 0.000000
0.000000 0.000000
0.000000 0.000000
0.000000 0.000000
0.000000 0.000000
0.000000 0.000000
0.000000 0.000000
0.000000 0.000000
0.300000 0.440000
0.000000 0.000000
0.000000 0.000000
0.000000 0.000000
0.000000 0.000000
0.000000 0.000000
0.000000 0.000000
0.000000 0.000000
0.000000 0.000000
0.000000 0.000000
0.000000 0.000000
0.000000 0.000000
0.000000 0.000000
0.000000 0.000000
0.000000 0.000000
0.000000 0.000000
0.000000 0.000000
0.080000 0.120000
0.050000 0.140000
0.000000 0.000000
0.000000 0.000000
0.000000 0.000000
0.150000 0.250000
0.000000 0.000000
0.150000 0.250000
0.000000 0.000000
0.000000 0.000000
0.000000 0.000000
0.000000 0.000000
0.000000 0.000000
0.000000 0.000000
0.000000 0.000000
0.000000 0.000000
0.000000 0.000000
0.000000 0.000000
0.000000 0.000000
0.000000 0.000000
0.000000 0.000000
0.000000 0.000000
0.000000 0.000000
0.000000 0.000000
0.000000 0.000000
0.000000 0.000000
0.000000 0.000000
0.000000 0.000000
0.000000 0.000000
0.000000 0.000000
0.000000 0.000000
0.000000 0.000000
0.000000 0.000000
0.000000 0.000000
0.000000 0.000000
0.000000 0.000000
0.000000 0.000000
0.000000 0.000000
0.080000 0.090000
0.000000 0.000000
0.000000 0.000000
0.000000 0.000000
0.000000 0.000000
