62.510000 63.560000
97.440000 97.500000
91.680000 92.020000
85.950000 85.820000
96.720000 97.010000
86.280000 86.410000
93.840000 93.910000
95.120000 95.570000
96.360000 96.430000
90.010000 89.770000
83.510000 83.410000
85.740000 85.900000
89.660000 89.610000
88.950000 89.330000
82.970000 82.910000
90.510000 91.130000
77.430000 78.080000
91.290000 91.550000
83.690000 84.030000
91.110000 91.200000
36.310000 35.810000
87.750000 87.730000
95.300000 95.480000
13.120000 13.100000
89.270000 89.100000
93.200000 93.070000
28.040000 28.200000
85.650000 85.870000
64.040000 64.480000
76.820000 76.220000
25.850000 25.110000
87.480000 88.140000
18.760000 17.980000
72.370000 71.900000
52.380000 52.540000
84.130000 84.120000
21.220000 21.600000
18.330000 17.960000
57.500000 57.650000
76.440000 77.200000
77.660000 76.970000
46.620000 46.670000
73.560000 73.130000
72.180000 71.300000
21.230000 21.740000
37.060000 36.310000
61.700000 61.390000
92.560000 92.690000
19.810000 20.240000
96.350000 96.460000
39.460000 39.760000
35.520000 34.540000
14.290000 13.940000
21.620000 21.480000
46.490000 46.820000
35.050000 36.180000
50.440000 49.110000
71.370000 70.870000
33.320000 33.030000
58.400000 59.050000
37.930000 38.030000
28.700000 28.050000
29.380000 28.160000
82.220000 81.190000
70.700000 71.070000
76.760000 76.840000
68.120000 68.940000
29.750000 30.390000
87.200000 87.860000
33.200000 32.950000
65.030000 64.280000
47.340000 47.060000
23.260000 24.010000
55.340000 55.370000
22.290000 22.630000
59.070000 59.270000
46.910000 46.890000
48.530000 48.560000
29.640000 29.760000
70.440000 70.440000
38.070000 38.420000
21.080000 20.430000
26.410000 26.150000
25.140000 24.500000
41.640000 41.420000
28.470000 28.260000
74.440000 74.050000
70.890000 70.910000
55.750000 53.930000
67.390000 67.370000
20.710000 20.410000
33.770000 34.410000
41.600000 41.570000
64.120000 64.060000
23.330000 23.130000
35.910000 36.030000
20.510000 20.570000
70.820000 71.140000
10.740000 11.420000
40.790000 41.650000
58.150000 58.740000
25.600000 26.160000
22.580000 23.040000
63.260000 63.420000
68.220000 68.560000
49.770000 50.590000
57.210000 57.620000
39.810000 39.540000
26.400000 27.040000
77.070000 77.330000
29.310000 29.270000
68.180000 68.240000
23.040000 23.440000
33.550000 34.270000
70.470000 70.580000
58.160000 58.100000
64.640000 64.070000
38.440000 39.260000
34.270000 34.780000
36.340000 37.130000
32.020000 31.800000
59.050000 59.160000
49.900000 49.780000
32.310000 32.130000
64.780000 65.430000
24.120000 24.400000
45.480000 45.120000
29.860000 29.890000
25.370000 25.250000
57.570000 57.870000
60.550000 61.260000
15.260000 14.970000
56.820000 57.340000
32.810000 33.260000
36.720000 36.520000
72.040000 71.630000
43.940000 44.360000
11.820000 12.040000
49.340000 49.060000
42.640000 42.900000
22.750000 22.900000
37.820000 38.220000
53.660000 53.780000
8.330000 8.330000
41.470000 40.840000
22.290000 22.180000
37.140000 38.350000
14.000000 14.080000
29.700000 28.930000
20.130000 20.630000
27.190000 27.640000
77.910000 77.300000
71.820000 72.180000
35.990000 36.080000
14.490000 13.830000
57.990000 58.530000
43.460000 43.900000
30.670000 30.850000
87.760000 87.290000
43.470000 43.980000
50.430000 49.330000
33.570000 33.100000
58.040000 58.030000
26.060000 26.410000
35.920000 34.750000
9.850000 9.590000
52.320000 51.490000
20.960000 21.130000
24.860000 24.740000
16.430000 16.910000
36.200000 36.230000
25.250000 25.380000
16.820000 17.000000
73.190000 73.040000
30.460000 30.550000
32.260000 31.720000
31.770000 33.140000
2.560000 2.520000
30.090000 29.310000
33.100000 34.230000
27.760000 28.060000
5.800000 6.580000
31.110000 32.550000
38.910000 39.210000
27.290000 27.080000
25.370000 24.830000
7.380000 7.560000
10.730000 10.600000
9.450000 9.670000
7.300000 7.200000
15.960000 16.610000
5.800000 5.810000
4.520000 4.540000
29.420000 29.420000
24.490000 24.040000
2.670000 2.760000
7.300000 7.060000
49.120000 49.640000
6.290000 6.270000
28.750000 28.250000
2.260000 2.430000
14.530000 14.070000
1.130000 1.020000
14.590000 14.470000
34.350000 34.930000
31.750000 32.760000
11.770000 11.650000
16.610000 17.290000
2.740000 2.630000
13.230000 12.340000
12.990000 12.840000
47.960000 47.410000
40.080000 39.930000
10.350000 10.110000
5.380000 5.540000
18.120000 18.700000
10.000000 11.040000
12.670000 12.660000
18.700000 18.340000
8.370000 8.330000
18.760000 18.500000
2.260000 2.200000
20.890000 20.350000
12.600000 12.790000
3.540000 3.610000
6.580000 6.400000
37.800000 37.060000
10.440000 10.450000
13.960000 13.500000
2.150000 2.030000
70.730000 70.760000
14.100000 14.060000
20.430000 20.830000
2.510000 3.160000
4.260000 4.160000
16.950000 17.550000
7.690000 7.800000
2.120000 1.930000
18.310000 18.260000
4.910000 4.700000
11.190000 10.520000
13.720000 13.600000
23.990000 23.050000
10.150000 9.740000
8.660000 9.250000
9.610000 9.650000
14.690000 14.200000
10.630000 10.460000
8.870000 8.610000
5.140000 5.190000
2.940000 3.540000
21.830000 21.590000
5.830000 6.090000
14.740000 14.060000
6.140000 6.580000
0.980000 1.210000
10.300000 10.110000
4.680000 5.380000
4.220000 4.110000
9.960000 9.740000
2.480000 2.940000
12.750000 13.230000
3.530000 3.730000
8.920000 9.360000
1.660000 1.780000
5.510000 6.120000
5.020000 4.690000
0.420000 0.540000
7.150000 7.310000
14.630000 14.490000
9.990000 10.020000
1.100000 1.340000
2.020000 1.940000
7.280000 7.520000
3.390000 3.800000
0.780000 0.960000
4.190000 4.320000
28.250000 27.610000
1.280000 1.340000
5.800000 6.040000
23.250000 23.320000
11.870000 11.750000
9.650000 9.660000
2.060000 2.210000
10.810000 10.800000
3.790000 3.870000
2.960000 3.050000
2.490000 2.470000
4.100000 4.110000
4.020000 4.630000
11.240000 11.200000
4.650000 4.710000
0.830000 0.960000
3.770000 4.090000
1.970000 2.100000
2.950000 2.950000
52.800000 53.550000
0.990000 0.950000
5.860000 6.560000
2.750000 2.710000
