91.760000 91.620000
95.780000 95.260000
92.310000 92.080000
89.300000 89.640000
93.330000 93.390000
89.840000 90.140000
91.600000 92.130000
91.720000 91.920000
93.150000 93.310000
93.330000 93.360000
90.000000 90.200000
93.410000 93.090000
79.990000 80.130000
75.810000 76.840000
95.520000 95.240000
53.430000 53.180000
92.200000 92.290000
90.170000 90.040000
90.330000 90.320000
91.020000 90.590000
91.980000 92.210000
92.270000 91.950000
93.400000 93.100000
91.390000 91.830000
90.470000 91.110000
89.810000 90.070000
90.310000 90.170000
94.540000 94.200000
91.680000 91.660000
90.330000 90.370000
41.980000 42.930000
43.470000 43.880000
93.290000 93.150000
92.500000 92.050000
92.790000 92.710000
92.080000 91.890000
42.370000 43.070000
44.610000 45.210000
93.050000 92.820000
93.380000 92.990000
44.520000 44.970000
41.780000 42.340000
32.120000 32.400000
47.460000 47.370000
90.890000 90.760000
48.150000 48.040000
42.430000 42.890000
31.340000 32.040000
33.330000 33.760000
47.720000 49.050000
49.120000 49.690000
46.390000 46.660000
41.020000 41.820000
43.100000 45.050000
22.000000 22.500000
46.280000 46.530000
41.600000 42.510000
27.290000 27.010000
31.900000 32.040000
44.170000 44.850000
0.000000 0.000000
14.340000 14.870000
21.010000 21.440000
31.180000 30.690000
21.900000 22.290000
33.980000 34.800000
31.420000 31.070000
48.680000 48.920000
20.860000 21.960000
13.370000 13.660000
0.050000 0.150000
0.000000 0.000000
0.000000 0.000000
30.590000 31.390000
0.050000 0.150000
0.000000 0.000000
0.000000 0.000000
29.860000 30.320000
0.050000 0.150000
0.050000 0.150000
0.050000 0.150000
0.050000 0.150000
0.000000 0.000000
0.000000 0.000000
0.050000 0.150000
0.050000 0.150000
0.000000 0.000000
0.000000 0.000000
0.110000 0.110000
0.000000 0.000000
0.050000 0.150000
0.000000 0.000000
0.050000 0.150000
30.750000 30.990000
0.050000 0.150000
0.050000 0.150000
0.050000 0.150000
0.000000 0.000000
0.050000 0.150000
0.000000 0.000000
0.000000 0.000000
0.000000 0.000000
0.000000 0.000000
22.110000 22.610000
0.000000 0.000000
0.170000 0.260000
0.050000 0.150000
0.120000 0.110000
0.230000 0.360000
0.120000 0.110000
0.000000 0.000000
0.000000 0.000000
0.000000 0.000000
0.340000 0.420000
0.000000 0.000000
0.000000 0.000000
0.000000 0.000000
0.000000 0.000000
0.050000 0.150000
0.000000 0.000000
0.000000 0.000000
0.050000 0.150000
0.000000 0.000000
0.000000 0.000000
0.000000 0.000000
0.000000 0.000000
0.000000 0.000000
0.000000 0.000000
0.000000 0.000000
0.000000 0.000000
0.000000 0.000000
0.000000 0.000000
0.000000 0.000000
0.000000 0.000000
0.000000 0.000000
0.000000 0.000000
0.000000 0.000000
0.180000 0.210000
0.000000 0.000000
0.000000 0.000000
0.000000 0.000000
0.000000 0.000000
0.000000 0.000000
0.000000 0.000000
0.000000 0.000000
0.000000 0.000000
0.000000 0.000000
0.000000 0.000000
0.000000 0.000000
0.050000 0.150000
0.000000 0.000000
0.000000 0.000000
0.000000 0.000000
0.000000 0.000000
0.000000 0.000000
0.000000 0.000000
0.000000 0.000000
0.000000 0.000000
0.000000 0.000000
0.000000 0.000000
0.180000 0.210000
0.000000 0.000000
0.000000 0.000000
0.000000 0.000000
0.000000 0.000000
0.000000 0.000000
0.000000 0.000000
0.000000 0.000000
0.000000 0.000000
0.000000 0.000000
0.000000 0.000000
0.000000 0.000000
0.000000 0.000000
0.000000 0.000000
0.000000 0.000000
0.000000 0.000000
0.000000 0.000000
0.000000 0.000000
0.000000 0.000000
0.140000 0.200000
0.000000 0.000000
0.000000 0.000000
0.000000 0.000000
0.000000 0.000000
0.000000 0.000000
0.000000 0.000000
0.000000 0.000000
0.000000 0.000000
0.000000 0.000000
0.000000 0.000000
0.000000 0.000000
0.000000 0.000000
0.000000 0.000000
0.000000 0.000000
0.000000 0.000000
0.000000 0.000000
0.000000 0.000000
0.000000 0.000000
0.000000 0.000000
0.000000 0.000000
0.000000 0.000000
0.000000 0.000000
0.000000 0.000000
0.000000 0.000000
0.000000 0.000000
0.000000 0.000000
0.000000 0.000000
0.000000 0.000000
0.000000 0.000000
0.000000 0.000000
0.000000 0.000000
0.000000 0.000000
0.000000 0.000000
0.000000 0.000000
0.000000 0.000000
0.000000 0.000000
0.000000 0.000000
0.000000 0.000000
0.000000 0.000000
0.250000 0.280000
0.000000 0.000000
0.000000 0.000000
0.000000 0.000000
0.000000 0.000000
0.000000 0.000000
0.000000 0.000000
0.000000 0.000000
0.000000 0.000000
0.000000 0.000000
0.000000 0.000000
0.000000 0.000000
0.000000 0.000000
0.000000 0.000000
0.000000 0.000000
0.000000 0.000000
0.000000 0.000000
0.000000 0.000000
0.000000 0.000000
0.000000 0.000000
0.000000 0.000000
0.000000 0.000000
0.000000 0.000000
0.000000 0.000000
0.000000 0.000000
0.000000 0.000000
0.000000 0.000000
0.000000 0.000000
0.000000 0.000000
0.000000 0.000000
0.000000 0.000000
0.000000 0.000000
0.000000 0.000000
0.000000 0.000000
0.000000 0.000000
0.000000 0.000000
0.000000 0.000000
0.000000 0.000000
0.000000 0.000000
0.000000 0.000000
0.000000 0.000000
0.000000 0.000000
0.000000 0.000000
0.000000 0.000000
0.000000 0.000000
0.000000 0.000000
0.000000 0.000000
0.000000 0.000000
0.000000 0.000000
0.000000 0.000000
0.000000 0.000000
0.000000 0.000000
0.000000 0.000000
0.000000 0.000000
0.000000 0.000000
0.000000 0.000000
0.000000 0.000000
0.000000 0.000000
0.000000 0.000000
0.000000 0.000000
0.000000 0.000000
0.000000 0.000000
0.000000 0.000000
0.000000 0.000000
0.000000 0.000000
0.000000 0.000000
0.000000 0.000000
0.000000 0.000000
0.000000 0.000000
0.000000 0.000000
0.000000 0.000000
0.000000 0.000000
0.000000 0.000000
0.000000 0.000000
0.000000 0.000000
0.000000 0.000000
0.000000 0.000000
0.000000 0.000000
0.000000 0.000000
0.000000 0.000000
0.000000 0.000000
