14.820000 15.090000
27.670000 28.110000
20.980000 21.720000
86.560000 87.080000
88.320000 88.110000
84.810000 84.890000
66.340000 67.100000
86.070000 86.140000
86.360000 86.480000
21.910000 22.510000
23.050000 23.830000
21.190000 22.060000
90.390000 90.160000
16.900000 17.070000
53.080000 53.310000
23.250000 24.080000
85.500000 85.300000
17.900000 18.390000
30.200000 31.020000
31.720000 32.090000
26.500000 26.870000
16.960000 17.400000
15.690000 16.270000
29.920000 30.920000
29.240000 30.170000
85.630000 85.870000
14.800000 15.050000
90.060000 90.390000
17.810000 18.010000
18.170000 18.740000
15.670000 16.550000
12.080000 13.330000
34.690000 34.530000
18.660000 19.360000
24.080000 24.420000
21.620000 21.870000
15.340000 15.670000
89.000000 89.230000
23.780000 24.100000
17.800000 18.330000
15.840000 15.690000
63.630000 64.760000
27.540000 27.090000
25.390000 25.520000
18.400000 19.290000
18.320000 17.830000
19.170000 19.340000
8.160000 8.360000
23.790000 24.710000
21.470000 21.380000
14.300000 14.000000
16.830000 17.100000
27.170000 27.380000
20.620000 21.290000
12.430000 12.630000
18.720000 18.760000
18.440000 18.730000
19.360000 19.660000
21.800000 21.680000
24.230000 24.480000
18.690000 18.270000
13.440000 12.540000
14.330000 14.370000
11.780000 12.350000
15.270000 14.890000
16.380000 16.760000
10.690000 10.240000
9.380000 9.690000
26.310000 27.140000
24.830000 24.270000
15.550000 15.700000
17.520000 17.210000
24.810000 26.100000
19.540000 20.160000
23.120000 24.330000
13.070000 12.700000
16.400000 16.170000
26.120000 26.490000
8.110000 7.710000
28.720000 29.080000
12.310000 12.790000
12.430000 13.020000
6.700000 7.100000
12.530000 12.940000
8.810000 8.180000
4.140000 4.120000
14.910000 14.690000
15.320000 15.000000
19.110000 20.880000
11.710000 11.960000
14.370000 15.290000
13.910000 14.030000
8.330000 8.670000
6.880000 6.690000
12.020000 12.360000
10.390000 10.870000
3.890000 3.840000
3.950000 3.800000
10.900000 10.140000
7.900000 7.850000
2.560000 2.310000
13.870000 14.670000
3.880000 3.990000
3.860000 3.690000
7.370000 7.370000
7.250000 7.750000
2.410000 2.210000
5.890000 5.850000
5.710000 5.600000
22.800000 23.150000
13.580000 14.390000
2.980000 2.860000
2.900000 2.570000
2.170000 2.080000
2.490000 2.300000
2.340000 2.060000
7.330000 7.050000
2.140000 1.890000
11.950000 11.630000
1.990000 1.990000
2.850000 3.000000
0.760000 0.760000
1.910000 1.730000
0.880000 0.880000
6.630000 6.840000
1.910000 1.790000
2.820000 2.900000
0.860000 0.760000
2.880000 2.670000
2.330000 2.070000
1.770000 1.680000
1.810000 1.860000
0.790000 0.720000
1.640000 1.630000
1.660000 1.550000
0.790000 0.720000
2.300000 2.090000
1.970000 1.980000
0.860000 0.790000
2.450000 2.360000
2.950000 2.920000
1.340000 1.320000
1.100000 1.040000
0.800000 0.780000
0.220000 0.310000
0.950000 1.040000
1.280000 1.190000
0.790000 0.720000
0.130000 0.150000
2.170000 1.940000
0.790000 0.720000
0.730000 0.910000
0.730000 0.770000
2.180000 2.050000
0.860000 0.760000
1.070000 1.040000
0.730000 0.890000
1.010000 0.920000
1.500000 1.570000
0.220000 0.310000
1.070000 1.110000
0.790000 0.720000
1.250000 1.280000
0.790000 0.720000
1.430000 1.390000
0.220000 0.310000
0.790000 0.720000
2.530000 2.500000
1.160000 1.170000
0.930000 0.870000
0.690000 0.750000
0.220000 0.310000
1.020000 1.320000
0.220000 0.310000
0.790000 0.720000
1.900000 2.110000
2.170000 1.940000
0.830000 0.820000
0.580000 0.740000
0.840000 0.780000
0.300000 0.440000
0.370000 0.500000
0.220000 0.310000
0.790000 0.720000
0.790000 0.720000
0.220000 0.310000
0.610000 0.710000
1.040000 1.020000
1.480000 1.380000
1.160000 1.160000
0.360000 0.460000
0.360000 0.530000
0.860000 1.120000
0.220000 0.310000
0.220000 0.310000
0.220000 0.310000
0.450000 0.570000
0.220000 0.310000
0.360000 0.530000
0.580000 0.660000
0.790000 0.720000
0.880000 0.820000
0.220000 0.310000
1.310000 1.300000
0.220000 0.310000
0.930000 0.870000
0.360000 0.530000
0.220000 0.310000
0.220000 0.310000
0.220000 0.310000
0.790000 0.650000
0.220000 0.310000
0.940000 0.910000
1.070000 1.230000
0.290000 0.380000
0.790000 0.720000
0.790000 0.720000
0.710000 0.630000
0.790000 0.720000
0.220000 0.310000
0.940000 0.850000
0.220000 0.310000
0.220000 0.310000
0.790000 0.720000
0.480000 0.480000
0.630000 0.680000
0.440000 0.510000
0.220000 0.310000
0.220000 0.310000
0.220000 0.310000
0.790000 0.720000
0.220000 0.310000
0.220000 0.310000
0.220000 0.310000
0.220000 0.310000
0.360000 0.460000
0.220000 0.310000
0.360000 0.460000
0.220000 0.310000
0.480000 0.550000
0.220000 0.310000
0.480000 0.480000
0.450000 0.570000
0.530000 0.510000
0.220000 0.310000
0.630000 0.670000
0.220000 0.310000
1.030000 0.960000
0.370000 0.440000
0.220000 0.310000
0.360000 0.460000
0.450000 0.570000
0.220000 0.310000
0.360000 0.460000
0.220000 0.310000
0.790000 0.720000
0.790000 0.720000
1.070000 1.090000
0.790000 0.720000
0.360000 0.460000
0.220000 0.310000
0.940000 1.210000
0.220000 0.310000
0.220000 0.310000
0.220000 0.310000
0.220000 0.310000
0.220000 0.310000
0.330000 0.430000
0.790000 0.720000
0.220000 0.310000
0.220000 0.310000
0.220000 0.310000
0.220000 0.310000
0.310000 0.420000
0.220000 0.310000
0.220000 0.310000
0.140000 0.220000
0.360000 0.460000
0.220000 0.310000
0.360000 0.460000
0.220000 0.310000
0.220000 0.310000
0.670000 0.630000
0.220000 0.310000
0.220000 0.310000
0.220000 0.310000
0.310000 0.550000
0.220000 0.310000
0.290000 0.380000
0.220000 0.310000
0.790000 0.720000
0.220000 0.310000
0.790000 0.720000
0.220000 0.310000
0.220000 0.310000
0.290000 0.380000
0.790000 0.720000
0.790000 0.720000
0.000000 0.000000
1.150000 1.140000
